Time[s]	CH1[°C]	CH2[°C]	CH3[°C]	CH4[°C]	CH5[°C]	CH6[°C]	CH7[°C]	CH8[°C]
0  16.70  16.60  16.60  16.60  16.60  16.60  16.70  16.70   
10  16.70  16.60  16.60  16.60  16.60  16.70  16.80  16.80   
20  16.70  16.60  16.60  16.60  16.70  16.70  16.90  16.90   
30  16.80  16.60  16.60  16.70  16.70  16.80  17.00  17.10   
40  16.80  16.70  16.70  16.70  16.80  16.90  17.10  17.20   
50  16.80  16.70  16.70  16.80  16.90  17.10  17.20  17.40   
60  16.80  16.80  16.80  16.90  17.00  17.20  17.30  17.60   
70  16.80  16.80  16.90  17.00  17.10  17.30  17.40  17.80   
80  16.90  16.90  16.90  17.10  17.20  17.40  17.60  17.90   
90  16.90  16.90  17.00  17.20  17.30  17.60  17.70  18.10   
100  17.00  17.00  17.10  17.30  17.40  17.70  17.90  18.30   
110  17.00  17.10  17.20  17.40  17.50  17.90  18.10  18.50   
120  17.10  17.10  17.30  17.50  17.70  18.00  18.20  18.70   
130  17.10  17.20  17.40  17.60  17.80  18.20  18.40  18.80   
140  17.20  17.30  17.50  17.70  17.90  18.30  18.50  19.00   
150  17.20  17.30  17.60  17.80  18.00  18.50  18.70  19.20   
160  17.30  17.40  17.70  17.90  18.20  18.60  18.80  19.30   
170  17.30  17.50  17.80  18.00  18.30  18.70  19.00  19.50   
180  17.40  17.60  17.80  18.10  18.40  18.90  19.10  19.60   
190  17.40  17.60  17.90  18.20  18.50  19.00  19.20  19.80   
200  17.50  17.70  18.00  18.30  18.60  19.10  19.40  19.90   
210  17.50  17.80  18.10  18.40  18.70  19.20  19.50  20.10   
220  17.60  17.80  18.20  18.50  18.80  19.30  19.60  20.20   
230  17.60  17.90  18.20  18.60  18.90  19.50  19.70  20.30   
240  17.70  17.90  18.30  18.70  19.00  19.60  19.90  20.50   
250  17.70  18.00  18.40  18.70  19.10  19.60  20.00  20.60   
260  17.80  18.00  18.40  18.80  19.20  19.80  20.10  20.70   
270  17.80  18.10  18.50  18.90  19.30  19.80  20.20  20.80   
280  17.80  18.10  18.60  19.00  19.40  19.90  20.30  20.90   
290  17.90  18.20  18.60  19.00  19.50  20.00  20.40  21.00   
300  17.90  18.20  18.70  19.10  19.50  20.10  20.40  21.10   
310  18.00  18.30  18.70  19.20  19.60  20.20  20.50  21.20   
320  18.00  18.30  18.80  19.20  19.70  20.30  20.60  21.30   
330  18.00  18.40  18.80  19.30  19.70  20.30  20.70  21.40   
340  18.00  18.40  18.90  19.30  19.80  20.40  20.80  21.50   
350  18.10  18.50  18.90  19.40  19.90  20.50  20.90  21.50   
360  18.10  18.50  19.00  19.50  19.90  20.50  20.90  21.60   
370  18.20  18.60  19.00  19.50  20.00  20.60  21.00  21.70   
380  18.20  18.60  19.10  19.50  20.00  20.70  21.10  21.70   
390  18.20  18.60  19.10  19.60  20.10  20.70  21.10  21.80   
400  18.20  18.60  19.10  19.70  20.20  20.80  21.20  21.90   
410  18.30  18.70  19.20  19.70  20.20  20.80  21.30  22.00   
420  18.30  18.70  19.20  19.70  20.20  20.90  21.30  22.00   
430  18.30  18.70  19.20  19.80  20.30  20.90  21.40  22.10   
440  18.30  18.80  19.30  19.80  20.30  21.00  21.40  22.10   
450  18.30  18.80  19.30  19.80  20.40  21.00  21.50  22.20   
460  18.40  18.80  19.40  19.90  20.40  21.10  21.50  22.30   
470  18.40  18.80  19.40  19.90  20.50  21.10  21.60  22.30   
480  18.40  18.90  19.40  20.00  20.50  21.20  21.60  22.30   
490  18.40  18.90  19.40  20.00  20.50  21.20  21.70  22.40   
500  18.40  18.90  19.50  20.00  20.60  21.20  21.70  22.50   
510  18.50  18.90  19.50  20.00  20.60  21.30  21.80  22.50   
520  18.50  19.00  19.50  20.10  20.70  21.30  21.80  22.50   
530  18.50  19.00  19.50  20.10  20.70  21.40  21.80  22.60   
540  18.50  19.00  19.60  20.20  20.70  21.40  21.90  22.60   
550  18.50  19.00  19.60  20.20  20.80  21.40  21.90  22.70   
560  18.60  19.00  19.60  20.20  20.80  21.50  22.00  22.70   
570  18.60  19.10  19.60  20.20  20.80  21.50  22.00  22.70   
580  18.60  19.10  19.70  20.20  20.80  21.50  22.00  22.80   
590  18.60  19.10  19.70  20.30  20.90  21.50  22.10  22.80   
600  18.60  19.10  19.70  20.30  20.90  21.60  22.10  22.80   
610  18.60  19.10  19.70  20.30  20.90  21.60  22.10  22.90   
620  18.60  19.10  19.70  20.30  20.90  21.60  22.20  22.90   
630  18.70  19.20  19.70  20.40  21.00  21.70  22.20  22.90   
640  18.70  19.20  19.80  20.40  21.00  21.70  22.20  23.00   
650  18.70  19.20  19.80  20.40  21.00  21.70  22.20  23.00   
660  18.70  19.20  19.80  20.40  21.00  21.70  22.20  23.00   
670  18.70  19.20  19.80  20.40  21.00  21.70  22.30  23.00   
680  18.70  19.20  19.80  20.50  21.10  21.80  22.30  23.10   
690  18.70  19.20  19.90  20.50  21.10  21.80  22.30  23.10   
700  18.70  19.30  19.90  20.50  21.10  21.80  22.40  23.10   
710  18.70  19.30  19.90  20.50  21.10  21.80  22.40  23.10   
720  18.80  19.30  19.90  20.50  21.10  21.80  22.40  23.20   
730  18.80  19.30  19.90  20.50  21.20  21.80  22.40  23.20   
740  18.80  19.30  19.90  20.50  21.20  21.90  22.40  23.20   
750  18.80  19.30  19.90  20.60  21.20  21.90  22.50  23.20   
760  18.80  19.30  19.90  20.60  21.20  21.90  22.50  23.20   
770  18.80  19.30  20.00  20.60  21.20  21.90  22.50  23.30   
780  18.80  19.30  20.00  20.60  21.20  22.00  22.50  23.30   
790  18.80  19.30  20.00  20.60  21.20  21.90  22.50  23.30   
800  18.80  19.30  20.00  20.60  21.30  22.00  22.50  23.30   
810  18.80  19.30  20.00  20.60  21.30  22.00  22.60  23.30   
820  18.90  19.40  20.00  20.60  21.30  22.00  22.60  23.40   
830  18.90  19.40  20.00  20.70  21.30  22.00  22.60  23.40   
840  18.90  19.40  20.00  20.70  21.30  22.00  22.60  23.40   
850  18.90  19.40  20.00  20.70  21.30  22.00  22.60  23.40   
860  18.90  19.40  20.00  20.70  21.30  22.00  22.60  23.40   
870  18.90  19.40  20.00  20.70  21.30  22.10  22.60  23.40   
880  18.90  19.40  20.10  20.70  21.40  22.10  22.70  23.40   
890  18.90  19.40  20.10  20.70  21.40  22.10  22.70  23.40   
900  18.90  19.40  20.10  20.70  21.40  22.10  22.70  23.50   
910  18.90  19.40  20.10  20.70  21.40  22.10  22.70  23.50   
920  18.90  19.50  20.10  20.70  21.40  22.10  22.70  23.50   
930  18.90  19.40  20.10  20.70  21.40  22.10  22.70  23.50   
940  18.90  19.50  20.10  20.70  21.40  22.10  22.70  23.50   
950  18.90  19.50  20.10  20.80  21.40  22.10  22.70  23.50   
960  18.90  19.50  20.10  20.80  21.40  22.10  22.80  23.50   
970  18.90  19.50  20.10  20.80  21.40  22.10  22.80  23.50   
980  18.90  19.50  20.10  20.80  21.40  22.20  22.80  23.60   
990  18.90  19.50  20.10  20.80  21.50  22.20  22.80  23.60   
1000  19.00  19.50  20.10  20.80  21.50  22.20  22.80  23.60   
1010  18.90  19.50  20.10  20.80  21.50  22.20  22.80  23.60   
1020  19.00  19.50  20.10  20.80  21.50  22.20  22.80  23.60   
1030  19.00  19.50  20.10  20.80  21.50  22.20  22.80  23.60   
1040  19.00  19.50  20.10  20.80  21.50  22.20  22.80  23.60   
1050  19.00  19.50  20.20  20.80  21.50  22.20  22.80  23.60   
1060  19.00  19.50  20.10  20.80  21.50  22.20  22.80  23.60   
1070  19.00  19.50  20.20  20.80  21.50  22.20  22.80  23.60   
1080  19.00  19.50  20.20  20.80  21.50  22.20  22.90  23.60   
1090  19.00  19.50  20.20  20.80  21.50  22.20  22.90  23.60   
1100  19.00  19.50  20.20  20.90  21.50  22.30  22.90  23.70   
1110  19.00  19.50  20.20  20.80  21.50  22.20  22.90  23.70   
1120  19.00  19.50  20.20  20.90  21.50  22.30  22.90  23.70   
1130  19.00  19.50  20.20  20.90  21.50  22.30  22.90  23.70   
1140  19.00  19.50  20.20  20.90  21.50  22.30  22.90  23.70   
1150  19.00  19.60  20.20  20.90  21.60  22.30  22.90  23.70   
1160  19.00  19.60  20.20  20.90  21.60  22.30  22.90  23.70   
1170  19.00  19.60  20.20  20.90  21.60  22.30  22.90  23.70   
1180  19.00  19.60  20.20  20.90  21.60  22.30  22.90  23.70   
1190  19.00  19.60  20.20  20.90  21.60  22.30  22.90  23.70   
1200  19.00  19.60  20.20  20.90  21.60  22.30  22.90  23.70   
1210  19.00  19.60  20.20  20.90  21.60  22.30  22.90  23.70   
1220  19.00  19.60  20.20  20.90  21.60  22.30  22.90  23.70   
1230  19.00  19.60  20.20  20.90  21.60  22.30  23.00  23.70   
1240  19.00  19.60  20.20  20.90  21.60  22.30  22.90  23.70   
1250  19.10  19.60  20.20  20.90  21.60  22.30  23.00  23.80   
1260  19.00  19.60  20.30  20.90  21.60  22.30  23.00  23.80   
1270  19.00  19.60  20.30  20.90  21.60  22.30  23.00  23.80   
1280  19.10  19.60  20.30  20.90  21.60  22.30  23.00  23.80   
1290  19.10  19.60  20.30  20.90  21.60  22.40  23.00  23.80   
1300  19.10  19.60  20.30  20.90  21.60  22.30  23.00  23.80   
1310  19.10  19.60  20.30  20.90  21.60  22.40  23.00  23.80   
1320  19.10  19.60  20.30  20.90  21.60  22.40  23.00  23.80   
1330  19.10  19.60  20.30  20.90  21.60  22.40  23.00  23.80   
1340  19.10  19.60  20.30  21.00  21.60  22.40  23.00  23.80   
1350  19.10  19.60  20.30  21.00  21.60  22.40  23.00  23.80   
1360  19.10  19.60  20.30  21.00  21.60  22.40  23.00  23.80   
1370  19.10  19.60  20.30  21.00  21.60  22.40  23.00  23.80   
1380  19.10  19.60  20.30  21.00  21.70  22.40  23.00  23.80   
1390  19.10  19.60  20.30  21.00  21.70  22.40  23.00  23.80   
1400  19.10  19.60  20.30  21.00  21.70  22.40  23.00  23.80   
1410  19.10  19.60  20.30  21.00  21.70  22.40  23.00  23.80   
1420  19.10  19.70  20.30  21.00  21.70  22.40  23.10  23.90   
1430  19.10  19.70  20.30  21.00  21.70  22.40  23.10  23.80   
1440  19.10  19.70  20.30  21.00  21.70  22.40  23.10  23.90   
1450  19.10  19.70  20.30  21.00  21.70  22.40  23.10  23.90   
1460  19.10  19.70  20.30  21.00  21.70  22.40  23.10  23.90   
1470  19.10  19.70  20.30  21.00  21.70  22.40  23.10  23.90   
1480  19.10  19.70  20.30  21.00  21.70  22.40  23.10  23.90   
1490  19.10  19.70  20.30  21.00  21.70  22.40  23.10  23.90   
1500  19.10  19.70  20.30  21.00  21.70  22.40  23.10  23.90   
1510  19.10  19.70  20.30  21.00  21.70  22.40  23.10  23.90   
1520  19.10  19.70  20.30  21.00  21.70  22.40  23.10  23.90   
1530  19.10  19.70  20.30  21.00  21.70  22.40  23.10  23.90   
1540  19.10  19.70  20.30  21.00  21.70  22.50  23.10  23.90   
1550  19.10  19.70  20.30  21.00  21.70  22.40  23.10  23.90   
1560  19.10  19.70  20.40  21.00  21.70  22.50  23.10  23.90   
1570  19.10  19.70  20.40  21.00  21.70  22.50  23.10  23.90   
1580  19.10  19.70  20.40  21.00  21.70  22.50  23.10  23.90   
1590  19.10  19.70  20.40  21.00  21.70  22.50  23.10  23.90   
1600  19.10  19.70  20.40  21.00  21.70  22.50  23.10  23.90   
1610  19.10  19.70  20.40  21.00  21.70  22.50  23.10  23.90   
1620  19.20  19.70  20.40  21.00  21.70  22.50  23.10  23.90   
1630  19.10  19.70  20.40  21.00  21.70  22.50  23.10  23.90   
1640  19.20  19.70  20.30  21.00  21.70  22.50  23.10  23.90   
1650  19.20  19.70  20.40  21.10  21.70  22.50  23.10  23.90   
1660  19.20  19.70  20.40  21.00  21.80  22.50  23.10  23.90   
1670  19.10  19.70  20.40  21.00  21.80  22.50  23.10  23.90   
1680  19.10  19.70  20.40  21.00  21.70  22.50  23.10  23.90   
1690  19.10  19.70  20.40  21.00  21.70  22.50  23.10  23.90   
1700  19.20  19.70  20.40  21.10  21.80  22.50  23.10  23.90   
1710  19.10  19.70  20.40  21.00  21.80  22.50  23.10  23.90   
1720  19.10  19.70  20.40  21.00  21.70  22.50  23.10  23.90   
1730  19.20  19.70  20.40  21.10  21.80  22.50  23.10  24.00   
1740  19.20  19.70  20.40  21.10  21.80  22.50  23.20  24.00   
1750  19.20  19.70  20.40  21.10  21.80  22.50  23.20  24.00   
1760  19.20  19.70  20.40  21.00  21.80  22.50  23.10  24.00   
1770  19.20  19.70  20.40  21.10  21.80  22.50  23.20  24.00   
1780  19.20  19.70  20.40  21.10  21.80  22.50  23.20  24.00   
1790  19.20  19.70  20.40  21.10  21.80  22.50  23.20  24.00   
1800  19.20  19.70  20.40  21.10  21.80  22.50  23.20  24.00   
1810  19.10  19.70  20.40  21.00  21.80  22.50  23.20  24.00   
1820  19.10  19.70  20.40  21.00  21.80  22.50  23.20  24.00   
1830  19.20  19.70  20.40  21.00  21.80  22.50  23.20  24.00   
1840  19.20  19.70  20.40  21.00  21.80  22.50  23.20  24.00   
1850  19.10  19.70  20.40  21.00  21.80  22.50  23.20  24.00   
1860  19.10  19.70  20.40  21.10  21.80  22.50  23.20  24.00   
1870  19.10  19.70  20.40  21.10  21.80  22.50  23.20  24.00   
1880  19.10  19.70  20.40  21.10  21.80  22.50  23.20  24.00   
1890  19.20  19.70  20.40  21.10  21.80  22.50  23.20  24.00   
1900  19.10  19.70  20.40  21.00  21.80  22.50  23.20  24.00   
1910  19.10  19.70  20.40  21.00  21.80  22.50  23.20  24.00   
1920  19.20  19.70  20.40  21.10  21.80  22.50  23.20  24.00   
1930  19.10  19.70  20.40  21.00  21.80  22.50  23.20  24.00   
1940  19.20  19.70  20.40  21.10  21.80  22.50  23.20  24.00   
1950  19.20  19.70  20.40  21.10  21.80  22.50  23.20  24.00   
1960  19.10  19.70  20.40  21.10  21.80  22.50  23.20  24.00   
1970  19.10  19.70  20.40  21.00  21.80  22.50  23.20  24.00   
1980  19.10  19.70  20.40  21.10  21.80  22.50  23.20  24.00   
1990  19.10  19.70  20.40  21.10  21.80  22.50  23.20  24.00   
2000  19.10  19.70  20.40  21.00  21.80  22.50  23.20  24.00   
2010  19.10  19.70  20.40  21.10  21.80  22.50  23.20  24.00   
2020  19.10  19.70  20.40  21.00  21.80  22.50  23.20  24.00   
2030  19.10  19.70  20.40  21.00  21.80  22.50  23.20  24.00   
2040  19.10  19.70  20.40  21.10  21.80  22.50  23.20  24.00   
2050  19.10  19.70  20.40  21.00  21.80  22.50  23.20  24.00   
2060  19.10  19.70  20.40  21.00  21.80  22.50  23.20  24.00   
2070  19.10  19.70  20.40  21.00  21.80  22.50  23.20  24.00   
2080  19.10  19.70  20.40  21.00  21.70  22.50  23.20  24.00   
2090  19.10  19.70  20.40  21.00  21.80  22.50  23.20  24.00   
2100  19.10  19.70  20.40  21.00  21.80  22.50  23.20  24.00   
2110  19.10  19.70  20.40  21.00  21.80  22.50  23.20  24.00   
2120  19.10  19.70  20.40  21.00  21.80  22.50  23.20  24.00   
2130  19.10  19.70  20.30  21.00  21.80  22.50  23.20  24.00   
2140  19.10  19.70  20.30  21.00  21.80  22.50  23.20  24.00   
2150  19.10  19.70  20.30  21.00  21.70  22.50  23.20  24.00   
2160  19.10  19.70  20.30  21.00  21.80  22.50  23.20  24.00   
2170  19.10  19.70  20.30  21.00  21.80  22.50  23.20  24.00   
2180  19.10  19.70  20.30  21.00  21.80  22.50  23.20  24.00   
2190  19.10  19.70  20.40  21.00  21.80  22.50  23.20  24.00   
2200  19.10  19.70  20.40  21.00  21.80  22.50  23.20  24.00   
2210  19.10  19.70  20.30  21.00  21.70  22.50  23.20  24.00   
2220  19.10  19.70  20.30  21.00  21.70  22.50  23.10  24.00   
2230  19.10  19.70  20.30  21.00  21.70  22.50  23.20  24.00   
2240  19.10  19.70  20.30  21.00  21.70  22.50  23.20  24.00   
2250  19.10  19.70  20.30  21.00  21.70  22.50  23.20  24.00   
2260  19.10  19.70  20.30  21.00  21.70  22.50  23.10  24.00   
2270  19.10  19.70  20.30  21.00  21.70  22.50  23.20  24.00   
2280  19.10  19.70  20.30  21.00  21.70  22.50  23.20  24.00   
2290  19.10  19.70  20.30  21.00  21.70  22.50  23.20  24.00   
2300  19.10  19.70  20.30  21.00  21.70  22.50  23.20  24.00   
2310  19.10  19.70  20.30  21.00  21.70  22.50  23.20  23.90   
2320  19.10  19.70  20.30  21.00  21.70  22.50  23.20  24.00   
2330  19.10  19.70  20.30  21.00  21.70  22.50  23.20  24.00   
2340  19.10  19.70  20.30  21.00  21.70  22.50  23.20  24.00   
2350  19.10  19.70  20.30  21.00  21.70  22.50  23.20  24.00   
2360  19.10  19.70  20.30  21.00  21.70  22.50  23.20  24.00   
2370  19.10  19.70  20.30  21.00  21.70  22.50  23.10  24.00   
2380  19.10  19.70  20.30  21.00  21.70  22.50  23.20  24.00   
2390  19.10  19.70  20.30  21.00  21.70  22.50  23.20  24.00   
2400  19.10  19.70  20.30  21.00  21.70  22.50  23.10  23.90   
2410  19.10  19.70  20.30  21.00  21.70  22.50  23.10  23.90   
2420  19.10  19.70  20.30  21.00  21.70  22.50  23.10  23.90   
2430  19.10  19.70  20.30  21.00  21.70  22.50  23.10  24.00   
2440  19.10  19.60  20.30  21.00  21.70  22.50  23.10  24.00   
2450  19.10  19.70  20.30  21.00  21.70  22.50  23.20  24.00   
2460  19.10  19.70  20.30  21.00  21.70  22.50  23.10  24.00   
2470  19.10  19.70  20.30  21.00  21.70  22.50  23.10  24.00   
2480  19.10  19.70  20.30  21.00  21.70  22.50  23.10  24.00   
2490  19.10  19.60  20.30  21.00  21.70  22.50  23.20  24.00   
2500  19.10  19.60  20.30  21.00  21.70  22.50  23.10  23.90   
2510  19.10  19.60  20.30  21.00  21.70  22.50  23.10  24.00   
2520  19.10  19.60  20.30  21.00  21.70  22.50  23.10  23.90   
2530  19.10  19.60  20.30  21.00  21.70  22.50  23.10  23.90   
2540  19.10  19.60  20.30  21.00  21.70  22.50  23.10  24.00   
2550  19.10  19.60  20.30  21.00  21.70  22.50  23.10  24.00   
2560  19.10  19.60  20.30  21.00  21.70  22.50  23.10  24.00   
2570  19.10  19.60  20.30  21.00  21.70  22.50  23.10  23.90   
2580  19.10  19.60  20.30  21.00  21.70  22.50  23.10  23.90   
2590  19.10  19.60  20.30  21.00  21.70  22.50  23.10  23.90   
2600  19.10  19.60  20.30  21.00  21.70  22.50  23.10  23.90   
2610  19.10  19.70  20.30  21.00  21.70  22.50  23.10  24.00   
2620  19.10  19.60  20.30  21.00  21.70  22.40  23.10  23.90   
2630  19.10  19.60  20.30  21.00  21.70  22.40  23.10  23.90   
2640  19.10  19.60  20.30  21.00  21.70  22.40  23.10  23.90   
2650  19.10  19.60  20.30  21.00  21.70  22.40  23.10  23.90   
2660  19.10  19.60  20.30  21.00  21.70  22.50  23.10  23.90   
2670  19.10  19.60  20.30  21.00  21.70  22.40  23.10  23.90   
2680  19.10  19.60  20.30  21.00  21.70  22.40  23.10  23.90   
2690  19.10  19.60  20.30  21.00  21.70  22.40  23.10  23.90   
2700  19.10  19.60  20.30  21.00  21.70  22.50  23.10  23.90   
2710  19.10  19.60  20.30  21.00  21.70  22.50  23.10  23.90   
2720  19.10  19.60  20.30  21.00  21.70  22.40  23.10  23.90   
2730  19.10  19.60  20.30  21.00  21.70  22.40  23.10  23.90   
2740  19.10  19.60  20.30  21.00  21.70  22.50  23.10  23.90   
2750  19.10  19.60  20.30  21.00  21.70  22.50  23.10  23.90   
2760  19.10  19.60  20.30  21.00  21.70  22.50  23.10  23.90   
2770  19.10  19.60  20.30  21.00  21.70  22.40  23.10  23.90   
2780  19.10  19.60  20.30  21.00  21.70  22.50  23.10  23.90   
2790  19.10  19.70  20.30  21.00  21.70  22.40  23.10  23.90   
2800  19.10  19.60  20.30  21.00  21.70  22.40  23.10  23.90   
2810  19.10  19.60  20.30  21.00  21.70  22.40  23.10  23.90   
2820  19.10  19.60  20.30  21.00  21.70  22.50  23.10  23.90   
2830  19.10  19.60  20.30  21.00  21.70  22.40  23.10  23.90   
2840  19.10  19.60  20.30  21.00  21.70  22.40  23.10  23.90   
2850  19.10  19.60  20.30  21.00  21.70  22.40  23.10  23.90   
2860  19.10  19.70  20.30  21.00  21.70  22.40  23.10  23.90   
2870  19.10  19.60  20.30  21.00  21.70  22.40  23.10  23.90   
2880  19.10  19.60  20.30  21.00  21.70  22.40  23.10  23.90   
2890  19.10  19.70  20.30  21.00  21.70  22.50  23.10  23.90   
2900  19.10  19.60  20.30  21.00  21.70  22.50  23.10  23.90   
2910  19.10  19.60  20.30  21.00  21.70  22.50  23.10  23.90   
2920  19.10  19.60  20.30  21.00  21.70  22.50  23.10  23.90   
2930  19.10  19.60  20.30  21.00  21.70  22.40  23.10  23.90   
2940  19.10  19.60  20.30  21.00  21.70  22.50  23.10  23.90   
2950  19.10  19.60  20.30  21.00  21.70  22.40  23.10  23.90   
2960  19.10  19.60  20.30  21.00  21.70  22.50  23.10  23.90   
2970  19.10  19.60  20.30  21.00  21.70  22.40  23.10  23.90   
2980  19.10  19.60  20.30  21.00  21.70  22.40  23.10  23.90   
2990  19.10  19.70  20.30  21.00  21.70  22.50  23.10  24.00   
3000  19.10  19.60  20.30  21.00  21.70  22.40  23.10  23.90   
3010  19.10  19.60  20.30  21.00  21.70  22.40  23.10  23.90   
3020  19.10  19.60  20.30  21.00  21.70  22.50  23.10  23.90   
3030  19.10  19.70  20.30  21.00  21.70  22.40  23.10  24.00   
3040  19.10  19.70  20.30  21.00  21.70  22.50  23.10  24.00   
3050  19.10  19.60  20.30  21.00  21.70  22.50  23.10  23.90   
3060  19.10  19.60  20.30  21.00  21.70  22.50  23.10  23.90   
3070  19.10  19.60  20.30  21.00  21.70  22.50  23.10  24.00   
3080  19.10  19.60  20.30  21.00  21.70  22.50  23.10  23.90   
3090  19.10  19.60  20.30  21.00  21.70  22.40  23.10  23.90   
3100  19.10  19.60  20.30  21.00  21.70  22.50  23.10  23.90   
3110  19.10  19.70  20.30  21.00  21.70  22.50  23.10  24.00   
3120  19.10  19.60  20.30  21.00  21.70  22.50  23.10  23.90   
3130  19.10  19.60  20.30  21.00  21.70  22.50  23.10  24.00   
3140  19.10  19.60  20.30  21.00  21.70  22.50  23.10  23.90   
3150  19.10  19.60  20.30  21.00  21.70  22.50  23.10  23.90   
3160  19.10  19.70  20.30  21.00  21.70  22.50  23.10  24.00   
3170  19.10  19.70  20.30  21.00  21.70  22.50  23.10  24.00   
3180  19.10  19.70  20.30  21.00  21.70  22.50  23.10  23.90   
3190  19.10  19.60  20.30  21.00  21.70  22.50  23.10  23.90   
3200  19.10  19.70  20.30  21.00  21.70  22.50  23.10  24.00   
3210  19.10  19.60  20.30  21.00  21.70  22.50  23.10  23.90   
3220  19.10  19.60  20.30  21.00  21.70  22.50  23.10  23.90   
3230  19.10  19.70  20.30  21.00  21.70  22.50  23.10  24.00   
3240  19.10  19.70  20.30  21.00  21.70  22.50  23.10  24.00   
3250  19.10  19.70  20.30  21.00  21.70  22.50  23.10  24.00   
3260  19.10  19.70  20.30  21.00  21.70  22.50  23.10  24.00   
3270  19.10  19.70  20.30  21.00  21.70  22.50  23.10  24.00   
3280  19.10  19.70  20.30  21.00  21.70  22.50  23.10  24.00   
3290  19.10  19.70  20.30  21.00  21.70  22.50  23.10  23.90   
3300  19.10  19.60  20.30  21.00  21.70  22.40  23.10  23.90   
3310  19.10  19.70  20.30  21.00  21.70  22.50  23.10  24.00   
3320  19.10  19.70  20.30  21.00  21.70  22.50  23.10  24.00   
3330  19.10  19.70  20.30  21.00  21.70  22.50  23.10  24.00   
3340  19.10  19.70  20.30  21.00  21.70  22.50  23.20  24.00   
3350  19.10  19.70  20.30  21.00  21.70  22.50  23.10  24.00   
3360  19.10  19.70  20.30  21.00  21.70  22.50  23.10  24.00   
3370  19.10  19.70  20.30  21.00  21.70  22.50  23.10  24.00   
3380  19.10  19.70  20.30  21.00  21.70  22.50  23.20  24.00   
3390  19.10  19.70  20.30  21.00  21.70  22.50  23.10  24.00   
3400  19.10  19.70  20.30  21.00  21.70  22.50  23.20  24.00   
3410  19.10  19.70  20.30  21.00  21.70  22.50  23.20  24.00   
NaN  19.30  20.00  20.70  21.40  22.20  22.90  23.70  NaN   
NaN  19.30  20.00  20.70  21.50  22.20  22.90  23.80  NaN   
