Time[s]	CH1[°C]	CH2[°C]	CH3[°C]	CH4[°C]	CH5[°C]	CH6[°C]	CH7[°C]	CH8[°C]
0  16.60  16.50  16.50  16.50  16.60  16.40  16.70  16.50   
10  16.60  16.50  16.50  16.50  16.60  16.50  16.70  16.60   
20  16.60  16.50  16.50  16.50  16.60  16.50  16.70  16.70   
30  16.60  16.60  16.50  16.50  16.70  16.60  16.80  16.90   
40  16.60  16.60  16.60  16.60  16.70  16.80  17.00  17.10   
50  16.60  16.60  16.70  16.70  16.80  16.90  17.10  17.30   
60  16.70  16.70  16.70  16.80  16.90  17.10  17.30  17.60   
70  16.70  16.80  16.80  16.90  17.10  17.30  17.50  17.80   
80  16.80  16.80  16.90  17.10  17.20  17.50  17.70  18.10   
90  16.80  16.90  17.10  17.20  17.40  17.70  17.90  18.30   
100  16.90  17.00  17.20  17.30  17.50  17.90  18.10  18.60   
110  16.90  17.10  17.30  17.50  17.70  18.10  18.30  18.90   
120  17.00  17.20  17.40  17.70  17.90  18.30  18.60  19.10   
130  17.10  17.30  17.60  17.80  18.10  18.60  18.80  19.40   
140  17.10  17.40  17.70  18.00  18.20  18.80  19.00  19.60   
150  17.20  17.50  17.80  18.10  18.40  19.00  19.20  19.90   
160  17.30  17.60  18.00  18.30  18.60  19.20  19.40  20.10   
170  17.40  17.70  18.10  18.40  18.70  19.40  19.60  20.40   
180  17.50  17.80  18.20  18.60  18.90  19.60  19.80  20.60   
190  17.50  17.90  18.30  18.70  19.10  19.80  20.00  20.80   
200  17.60  18.00  18.50  18.90  19.20  19.90  20.20  21.00   
210  17.70  18.10  18.60  19.00  19.40  20.10  20.40  21.20   
220  17.80  18.20  18.70  19.10  19.50  20.30  20.60  21.40   
230  17.80  18.30  18.80  19.30  19.70  20.50  20.80  21.60   
240  17.90  18.40  18.90  19.40  19.80  20.60  20.90  21.80   
250  18.00  18.50  19.00  19.50  19.90  20.80  21.10  22.00   
260  18.00  18.50  19.10  19.60  20.10  20.90  21.20  22.20   
270  18.10  18.60  19.20  19.80  20.20  21.10  21.40  22.30   
280  18.20  18.70  19.30  19.90  20.30  21.20  21.50  22.50   
290  18.20  18.80  19.40  20.00  20.40  21.30  21.70  22.60   
300  18.30  18.80  19.50  20.10  20.60  21.50  21.80  22.80   
310  18.30  18.90  19.60  20.20  20.70  21.60  22.00  22.90   
320  18.40  19.00  19.60  20.30  20.80  21.70  22.10  23.10   
330  18.40  19.00  19.70  20.40  20.90  21.80  22.20  23.20   
340  18.50  19.10  19.80  20.40  21.00  21.90  22.30  23.30   
350  18.50  19.10  19.90  20.50  21.10  22.00  22.40  23.50   
360  18.50  19.20  19.90  20.60  21.20  22.10  22.50  23.60   
370  18.60  19.30  20.00  20.70  21.20  22.20  22.60  23.70   
380  18.60  19.30  20.00  20.70  21.30  22.30  22.70  23.80   
390  18.70  19.40  20.10  20.80  21.40  22.40  22.80  23.90   
400  18.70  19.40  20.20  20.90  21.50  22.50  22.90  24.00   
410  18.80  19.50  20.20  21.00  21.60  22.60  23.00  24.10   
420  18.80  19.50  20.30  21.00  21.60  22.70  23.10  24.20   
430  18.80  19.60  20.30  21.10  21.70  22.70  23.20  24.30   
440  18.90  19.60  20.40  21.10  21.80  22.80  23.30  24.40   
450  18.90  19.60  20.40  21.20  21.90  22.90  23.40  24.50   
460  18.90  19.70  20.50  21.30  21.90  22.90  23.40  24.50   
470  19.00  19.70  20.50  21.30  22.00  23.00  23.50  24.60   
480  19.00  19.80  20.60  21.40  22.00  23.10  23.60  24.70   
490  19.00  19.80  20.60  21.40  22.10  23.10  23.60  24.80   
500  19.10  19.80  20.70  21.50  22.20  23.20  23.70  24.80   
510  19.10  19.90  20.70  21.50  22.20  23.30  23.80  24.90   
520  19.10  19.90  20.70  21.60  22.30  23.30  23.90  25.00   
530  19.10  19.90  20.80  21.60  22.30  23.40  23.90  25.00   
540  19.20  19.90  20.80  21.60  22.30  23.40  24.00  25.10   
550  19.20  20.00  20.80  21.70  22.40  23.50  24.00  25.10   
560  19.20  20.00  20.90  21.70  22.40  23.50  24.10  25.20   
570  19.20  20.00  20.90  21.80  22.50  23.60  24.10  25.30   
580  19.20  20.10  20.90  21.80  22.50  23.60  24.20  25.30   
590  19.20  20.10  20.90  21.80  22.50  23.60  24.20  25.40   
600  19.30  20.10  21.00  21.80  22.60  23.70  24.30  25.40   
610  19.30  20.10  21.00  21.90  22.60  23.70  24.30  25.40   
620  19.30  20.20  21.00  21.90  22.70  23.80  24.30  25.50   
630  19.30  20.20  21.10  21.90  22.70  23.80  24.40  25.50   
640  19.40  20.20  21.10  22.00  22.70  23.80  24.40  25.60   
650  19.40  20.20  21.10  22.00  22.80  23.90  24.50  25.60   
660  19.40  20.20  21.10  22.00  22.80  23.90  24.50  25.70   
670  19.40  20.30  21.10  22.00  22.80  23.90  24.50  25.70   
680  19.40  20.30  21.20  22.10  22.90  24.00  24.60  25.70   
690  19.40  20.30  21.20  22.10  22.90  24.00  24.60  25.80   
700  19.50  20.30  21.20  22.10  22.90  24.00  24.60  25.80   
710  19.50  20.30  21.20  22.10  22.90  24.00  24.70  25.80   
720  19.50  20.30  21.30  22.20  23.00  24.10  24.70  25.90   
730  19.50  20.40  21.30  22.20  23.00  24.10  24.70  25.90   
740  19.50  20.40  21.30  22.20  23.00  24.10  24.80  25.90   
750  19.50  20.40  21.30  22.20  23.00  24.10  24.80  26.00   
760  19.50  20.40  21.30  22.20  23.10  24.20  24.80  26.00   
770  19.50  20.40  21.30  22.20  23.10  24.20  24.80  26.00   
780  19.60  20.40  21.30  22.30  23.10  24.20  24.90  26.10   
790  19.50  20.40  21.30  22.30  23.10  24.20  24.90  26.10   
800  19.60  20.40  21.40  22.30  23.10  24.20  24.90  26.10   
810  19.60  20.40  21.40  22.30  23.10  24.30  24.90  26.10   
820  19.60  20.50  21.40  22.30  23.20  24.30  25.00  26.10   
830  19.60  20.50  21.40  22.30  23.20  24.30  25.00  26.20   
840  19.60  20.50  21.40  22.30  23.20  24.30  25.00  26.20   
850  19.60  20.50  21.40  22.40  23.20  24.30  25.00  26.20   
860  19.60  20.50  21.40  22.40  23.20  24.30  25.00  26.20   
870  19.60  20.50  21.50  22.40  23.20  24.40  25.00  26.20   
880  19.60  20.50  21.50  22.40  23.30  24.40  25.10  26.30   
890  19.70  20.50  21.50  22.40  23.30  24.40  25.10  26.30   
900  19.70  20.50  21.50  22.40  23.30  24.40  25.10  26.30   
910  19.70  20.60  21.50  22.40  23.30  24.40  25.10  26.30   
920  19.70  20.60  21.50  22.50  23.30  24.40  25.20  26.30   
930  19.70  20.60  21.50  22.50  23.30  24.50  25.20  26.40   
940  19.70  20.60  21.50  22.50  23.30  24.50  25.20  26.40   
950  19.70  20.60  21.60  22.50  23.40  24.50  25.20  26.40   
960  19.70  20.60  21.60  22.50  23.40  24.50  25.20  26.40   
970  19.70  20.60  21.60  22.50  23.40  24.50  25.20  26.40   
980  19.70  20.60  21.60  22.50  23.40  24.50  25.20  26.40   
990  19.70  20.60  21.60  22.50  23.40  24.50  25.20  26.50   
1000  19.70  20.60  21.60  22.50  23.40  24.50  25.30  26.50   
1010  19.70  20.60  21.60  22.50  23.40  24.60  25.30  26.50   
1020  19.70  20.60  21.60  22.50  23.40  24.50  25.30  26.50   
1030  19.70  20.60  21.60  22.50  23.40  24.60  25.30  26.50   
1040  19.70  20.60  21.60  22.60  23.40  24.60  25.30  26.50   
1050  19.70  20.60  21.60  22.60  23.40  24.60  25.30  26.50   
1060  19.70  20.70  21.60  22.60  23.50  24.60  25.30  26.50   
1070  19.70  20.70  21.60  22.60  23.50  24.60  25.30  26.50   
1080  19.80  20.70  21.60  22.60  23.50  24.60  25.30  26.60   
1090  19.80  20.70  21.60  22.60  23.50  24.60  25.30  26.60   
1100  19.80  20.70  21.60  22.60  23.50  24.60  25.40  26.60   
1110  19.80  20.70  21.60  22.60  23.50  24.60  25.40  26.60   
1120  19.80  20.70  21.60  22.60  23.50  24.60  25.40  26.60   
1130  19.80  20.70  21.70  22.60  23.50  24.60  25.40  26.60   
1140  19.80  20.70  21.70  22.60  23.50  24.60  25.40  26.60   
1150  19.80  20.70  21.70  22.60  23.50  24.70  25.40  26.60   
1160  19.80  20.70  21.70  22.60  23.50  24.70  25.40  26.60   
1170  19.80  20.70  21.70  22.60  23.50  24.70  25.40  26.60   
1180  19.80  20.70  21.70  22.60  23.60  24.70  25.40  26.60   
1190  19.80  20.70  21.70  22.60  23.60  24.70  25.40  26.60   
1200  19.80  20.70  21.70  22.70  23.60  24.70  25.40  26.70   
1210  19.80  20.70  21.70  22.60  23.50  24.70  25.40  26.60   
1220  19.80  20.70  21.70  22.70  23.60  24.70  25.50  26.70   
1230  19.80  20.70  21.70  22.60  23.60  24.70  25.50  26.70   
1240  19.80  20.70  21.70  22.70  23.60  24.70  25.50  26.70   
1250  19.80  20.70  21.70  22.70  23.60  24.70  25.50  26.70   
1260  19.80  20.70  21.70  22.70  23.60  24.70  25.50  26.70   
1270  19.80  20.70  21.70  22.70  23.60  24.70  25.50  26.70   
1280  19.80  20.70  21.70  22.70  23.60  24.70  25.50  26.70   
1290  19.80  20.70  21.70  22.70  23.60  24.70  25.50  26.70   
1300  19.80  20.70  21.70  22.70  23.60  24.70  25.50  26.70   
1310  19.80  20.70  21.70  22.70  23.60  24.70  25.50  26.70   
1320  19.80  20.70  21.70  22.70  23.60  24.70  25.50  26.70   
1330  19.80  20.70  21.70  22.70  23.60  24.70  25.50  26.70   
1340  19.80  20.70  21.70  22.70  23.60  24.70  25.50  26.70   
1350  19.80  20.70  21.70  22.70  23.60  24.70  25.50  26.70   
1360  19.80  20.70  21.70  22.70  23.60  24.70  25.50  26.70   
1370  19.80  20.70  21.70  22.70  23.60  24.70  25.50  26.80   
1380  19.80  20.70  21.70  22.70  23.60  24.80  25.50  26.80   
1390  19.80  20.70  21.70  22.70  23.60  24.70  25.50  26.80   
1400  19.80  20.70  21.70  22.70  23.60  24.80  25.50  26.80   
1410  19.80  20.70  21.70  22.70  23.60  24.80  25.50  26.80   
1420  19.80  20.80  21.70  22.70  23.60  24.80  25.50  26.80   
1430  19.80  20.80  21.70  22.70  23.60  24.80  25.60  26.80   
1440  19.80  20.70  21.70  22.70  23.60  24.70  25.50  26.80   
1450  19.80  20.70  21.70  22.70  23.60  24.80  25.60  26.80   
1460  19.80  20.70  21.70  22.70  23.60  24.80  25.60  26.80   
1470  19.80  20.80  21.70  22.70  23.60  24.80  25.60  26.80   
1480  19.80  20.80  21.70  22.70  23.60  24.80  25.60  26.80   
1490  19.80  20.70  21.70  22.70  23.60  24.80  25.60  26.80   
1500  19.80  20.80  21.70  22.70  23.60  24.80  25.60  26.80   
1510  19.90  20.80  21.70  22.70  23.70  24.80  25.60  26.80   
1520  19.90  20.80  21.70  22.70  23.70  24.80  25.60  26.80   
1530  19.90  20.80  21.70  22.70  23.70  24.80  25.60  26.80   
1540  19.90  20.80  21.80  22.70  23.70  24.80  25.60  26.80   
1550  19.90  20.80  21.80  22.70  23.70  24.80  25.60  26.80   
1560  19.90  20.80  21.80  22.70  23.70  24.80  25.60  26.80   
1570  19.90  20.80  21.80  22.70  23.70  24.80  25.60  26.80   
1580  19.90  20.80  21.80  22.70  23.70  24.80  25.60  26.80   
1590  19.90  20.80  21.80  22.70  23.70  24.80  25.60  26.80   
1600  19.90  20.80  21.80  22.70  23.70  24.80  25.60  26.80   
1610  19.90  20.80  21.80  22.70  23.70  24.80  25.60  26.80   
1620  19.90  20.80  21.80  22.80  23.70  24.80  25.60  26.80   
1630  19.90  20.80  21.80  22.70  23.70  24.80  25.60  26.80   
1640  19.90  20.80  21.80  22.70  23.70  24.80  25.60  26.80   
1650  19.90  20.80  21.80  22.70  23.70  24.80  25.60  26.90   
1660  19.90  20.80  21.80  22.80  23.70  24.80  25.60  26.80   
1670  19.90  20.80  21.80  22.70  23.70  24.80  25.60  26.80   
1680  19.90  20.80  21.80  22.70  23.70  24.80  25.60  26.80   
1690  19.90  20.80  21.80  22.70  23.70  24.80  25.60  26.90   
1700  19.90  20.80  21.80  22.70  23.70  24.80  25.60  26.90   
1710  19.90  20.80  21.80  22.70  23.70  24.80  25.60  26.90   
1720  19.90  20.80  21.80  22.80  23.70  24.80  25.60  26.90   
1730  19.90  20.80  21.80  22.80  23.70  24.80  25.60  26.90   
1740  19.90  20.80  21.80  22.70  23.70  24.80  25.60  26.90   
1750  19.90  20.80  21.80  22.80  23.70  24.80  25.60  26.90   
1760  19.90  20.80  21.80  22.80  23.70  24.80  25.60  26.80   
1770  19.90  20.80  21.80  22.80  23.70  24.80  25.60  26.90   
1780  19.90  20.80  21.80  22.80  23.70  24.80  25.70  26.90   
1790  19.90  20.80  21.80  22.80  23.70  24.80  25.70  26.90   
1800  19.90  20.80  21.80  22.80  23.70  24.80  25.70  26.90   
1810  19.90  20.80  21.80  22.80  23.70  24.80  25.70  26.90   
1820  19.90  20.80  21.80  22.80  23.70  24.80  25.70  26.90   
1830  19.90  20.80  21.80  22.80  23.70  24.80  25.70  26.90   
1840  19.90  20.80  21.80  22.80  23.70  24.90  25.70  26.90   
1850  19.90  20.80  21.80  22.80  23.70  24.80  25.70  26.90   
1860  19.90  20.80  21.80  22.80  23.70  24.80  25.70  26.90   
1870  19.90  20.80  21.80  22.80  23.70  24.80  25.70  26.90   
1880  19.90  20.80  21.80  22.80  23.70  24.80  25.70  26.90   
1890  19.90  20.80  21.80  22.80  23.70  24.80  25.70  26.90   
1900  19.90  20.80  21.80  22.80  23.70  24.90  25.70  26.90   
1910  19.90  20.80  21.80  22.80  23.70  24.90  25.70  26.90   
1920  19.90  20.80  21.80  22.80  23.70  24.80  25.70  26.90   
1930  19.90  20.80  21.80  22.80  23.70  24.90  25.70  26.90   
1940  19.90  20.80  21.80  22.80  23.70  24.90  25.70  26.90   
1950  19.90  20.80  21.80  22.80  23.70  24.80  25.70  26.90   
1960  19.90  20.80  21.80  22.80  23.70  24.90  25.70  26.90   
1970  19.90  20.80  21.80  22.80  23.80  24.90  25.70  26.90   
1980  19.90  20.80  21.80  22.80  23.70  24.90  25.70  26.90   
1990  19.90  20.80  21.80  22.80  23.80  24.90  25.70  26.90   
2000  19.90  20.80  21.80  22.80  23.70  24.90  25.70  26.90   
2010  19.90  20.80  21.80  22.80  23.80  24.90  25.70  26.90   
2020  19.90  20.80  21.80  22.80  23.80  24.90  25.70  26.90   
2030  19.90  20.80  21.80  22.80  23.80  24.90  25.70  26.90   
2040  19.90  20.80  21.80  22.80  23.80  24.90  25.70  26.90   
2050  19.90  20.80  21.80  22.80  23.80  24.90  25.70  26.90   
2060  19.90  20.80  21.80  22.80  23.80  24.90  25.70  26.90   
2070  19.90  20.80  21.80  22.80  23.80  24.90  25.70  26.90   
2080  19.90  20.80  21.80  22.80  23.80  24.90  25.70  26.90   
2090  19.90  20.80  21.80  22.80  23.80  24.90  25.70  26.90   
2100  19.90  20.80  21.80  22.80  23.80  24.90  25.70  26.90   
2110  19.90  20.80  21.80  22.80  23.80  24.90  25.70  26.90   
2120  19.90  20.80  21.80  22.80  23.80  24.90  25.70  26.90   
2130  19.90  20.80  21.80  22.80  23.80  24.90  25.70  26.90   
2140  19.90  20.80  21.80  22.80  23.80  24.90  25.70  26.90   
2150  19.90  20.90  21.80  22.80  23.80  24.90  25.70  27.00   
2160  19.90  20.90  21.80  22.80  23.80  24.90  25.70  27.00   
2170  19.90  20.90  21.80  22.80  23.80  24.90  25.70  27.00   
2180  19.90  20.90  21.80  22.80  23.80  24.90  25.70  26.90   
2190  19.90  20.80  21.80  22.80  23.80  24.90  25.70  26.90   
2200  19.90  20.90  21.80  22.80  23.80  24.90  25.70  27.00   
2210  19.90  20.90  21.80  22.80  23.80  24.90  25.70  27.00   
2220  19.90  20.90  21.80  22.80  23.80  24.90  25.70  26.90   
2230  19.90  20.90  21.80  22.80  23.80  24.90  25.70  27.00   
2240  19.90  20.90  21.80  22.80  23.80  24.90  25.70  27.00   
2250  19.90  20.90  21.80  22.80  23.80  24.90  25.70  26.90   
2260  19.90  20.80  21.80  22.80  23.80  24.90  25.70  27.00   
2270  19.90  20.80  21.80  22.80  23.80  24.90  25.70  27.00   
2280  19.90  20.80  21.80  22.80  23.80  24.90  25.70  27.00   
2290  19.90  20.80  21.80  22.80  23.80  24.90  25.70  27.00   
2300  19.90  20.80  21.80  22.80  23.80  24.90  25.70  27.00   
2310  19.90  20.80  21.80  22.80  23.80  24.90  25.70  27.00   
2320  19.90  20.90  21.80  22.80  23.80  24.90  25.70  27.00   
2330  19.90  20.80  21.80  22.80  23.80  24.90  25.70  26.90   
2340  19.90  20.90  21.80  22.80  23.80  24.90  25.70  27.00   
2350  19.90  20.80  21.80  22.80  23.80  24.90  25.70  26.90   
2360  19.90  20.90  21.80  22.80  23.80  24.90  25.70  27.00   
2370  19.90  20.90  21.80  22.80  23.80  24.90  25.70  27.00   
2380  19.90  20.90  21.90  22.80  23.80  24.90  25.70  27.00   
2390  20.00  20.90  21.90  22.80  23.80  24.90  25.80  27.00   
2400  20.00  20.90  21.80  22.80  23.80  24.90  25.70  27.00   
2410  20.00  20.90  21.90  22.80  23.80  24.90  25.70  27.00   
2420  20.00  20.90  21.90  22.90  23.80  24.90  25.80  27.00   
2430  20.00  20.90  21.90  22.80  23.80  24.90  25.80  27.00   
2440  20.00  20.90  21.90  22.80  23.80  24.90  25.80  27.00   
2450  20.00  20.90  21.90  22.80  23.80  24.90  25.80  27.00   
2460  20.00  20.90  21.90  22.90  23.80  24.90  25.80  27.00   
2470  20.00  20.90  21.80  22.80  23.80  24.90  25.80  27.00   
2480  20.00  20.90  21.90  22.90  23.80  24.90  25.80  27.00   
2490  20.00  20.90  21.90  22.80  23.80  24.90  25.80  27.00   
2500  20.00  20.90  21.90  22.90  23.80  24.90  25.80  27.00   
2510  20.00  20.90  21.80  22.80  23.80  24.90  25.80  27.00   
2520  20.00  20.90  21.90  22.80  23.80  24.90  25.80  27.00   
2530  20.00  20.90  21.90  22.80  23.80  24.90  25.80  27.00   
2540  19.90  20.90  21.90  22.80  23.80  24.90  25.80  27.00   
2550  20.00  20.90  21.90  22.90  23.80  24.90  25.80  27.00   
2560  20.00  20.90  21.90  22.90  23.80  24.90  25.80  27.00   
2570  20.00  20.90  21.90  22.80  23.80  24.90  25.80  27.00   
2580  20.00  20.90  21.90  22.90  23.80  24.90  25.80  27.00   
2590  20.00  20.90  21.90  22.90  23.80  24.90  25.80  27.00   
2600  20.00  20.90  21.90  22.90  23.80  24.90  25.80  27.00   
2610  20.00  20.90  21.90  22.90  23.80  24.90  25.80  27.00   
2620  20.00  20.90  21.90  22.90  23.80  24.90  25.80  27.00   
2630  20.00  20.90  21.90  22.90  23.80  24.90  25.80  27.00   
2640  20.00  20.90  21.90  22.90  23.80  24.90  25.80  27.00   
2650  20.00  20.90  21.90  22.90  23.80  24.90  25.80  27.00   
2660  20.00  20.90  21.90  22.90  23.80  24.90  25.80  27.00   
2670  20.00  20.90  21.90  22.90  23.80  24.90  25.80  27.00   
2680  20.00  20.90  21.90  22.90  23.80  24.90  25.80  27.00   
2690  20.00  20.90  21.90  22.80  23.80  24.90  25.80  27.00   
2700  20.00  20.90  21.90  22.80  23.80  24.90  25.80  27.00   
2710  20.00  20.90  21.90  22.80  23.80  24.90  25.80  27.00   
2720  20.00  20.90  21.90  22.90  23.80  24.90  25.80  27.00   
2730  20.00  20.90  21.90  22.80  23.80  24.90  25.80  27.00   
2740  20.00  20.90  21.90  22.90  23.80  24.90  25.80  27.00   
2750  20.00  20.90  21.90  22.80  23.80  24.90  25.80  27.00   
2760  20.00  20.90  21.90  22.90  23.80  24.90  25.80  27.00   
2770  20.00  20.90  21.90  22.90  23.80  24.90  25.80  27.00   
2780  20.00  20.90  21.90  22.80  23.80  25.00  25.80  27.00   
2790  20.00  20.90  21.90  22.90  23.80  24.90  25.80  27.00   
2800  20.00  20.90  21.90  22.90  23.80  24.90  25.80  27.00   
2810  20.00  20.90  21.90  22.90  23.80  24.90  25.80  27.00   
2820  20.00  20.90  21.90  22.90  23.80  25.00  25.80  27.00   
2830  20.00  20.90  21.90  22.90  23.80  24.90  25.80  27.00   
2840  20.00  20.90  21.90  22.90  23.80  24.90  25.80  27.00   
2850  20.00  20.90  21.90  22.90  23.80  25.00  25.80  27.00   
2860  20.00  20.90  21.90  22.90  23.80  24.90  25.80  27.00   
2870  20.00  20.90  21.90  22.90  23.80  25.00  25.80  27.00   
2880  20.00  20.90  21.90  22.90  23.80  25.00  25.80  27.00   
2890  20.00  20.90  21.90  22.90  23.80  25.00  25.80  27.00   
2900  20.00  20.90  21.90  22.90  23.80  25.00  25.80  27.00   
2910  20.00  20.90  21.90  22.90  23.80  25.00  25.80  27.00   
2920  20.00  20.90  21.90  22.90  23.80  24.90  25.80  27.00   
2930  20.00  20.90  21.90  22.90  23.80  24.90  25.80  27.00   
2940  20.00  20.90  21.90  22.90  23.80  24.90  25.80  27.00   
2950  20.00  20.90  21.90  22.90  23.80  25.00  25.80  27.00   
2960  20.00  20.90  21.90  22.90  23.80  24.90  25.80  27.00   
2970  20.00  20.90  21.90  22.90  23.80  24.90  25.80  27.00   
2980  20.00  20.90  21.90  22.90  23.80  24.90  25.80  27.00   
2990  20.00  20.90  21.90  22.90  23.80  25.00  25.80  27.00   
3000  20.00  20.90  21.90  22.90  23.80  25.00  25.80  27.00   
3010  20.00  20.90  21.90  22.90  23.80  24.90  25.80  27.00   
3020  20.00  20.90  21.90  22.90  23.80  25.00  25.80  27.00   
3030  20.00  20.90  21.90  22.90  23.80  25.00  25.80  27.00   
3040  20.00  20.90  21.90  22.90  23.80  24.90  25.80  27.00   
3050  20.00  20.90  21.90  22.90  23.80  24.90  25.80  27.00   
3060  20.00  20.90  21.90  22.90  23.80  25.00  25.80  27.00   
3070  20.00  20.90  21.90  22.90  23.80  25.00  25.80  27.00   
3080  20.00  20.90  21.90  22.90  23.90  25.00  25.80  27.00   
3090  20.00  20.90  21.90  22.90  23.90  25.00  25.80  27.00   
3100  20.00  20.90  21.90  22.90  23.80  24.90  25.80  27.00   
3110  20.00  20.90  21.90  22.90  23.90  25.00  25.80  27.00   
3120  20.00  20.90  21.90  22.90  23.90  25.00  25.80  27.00   
3130  20.00  20.90  21.90  22.90  23.80  25.00  25.80  27.00   
3140  20.00  20.90  21.90  22.90  23.80  25.00  25.80  27.00   
3150  20.00  20.90  21.90  22.90  23.90  25.00  25.80  27.00   
3160  20.00  20.90  21.90  22.90  23.80  25.00  25.80  27.00   
3170  20.00  20.90  21.90  22.90  23.80  25.00  25.80  27.00   
3180  20.00  20.90  21.90  22.90  23.90  25.00  25.80  27.00   
3190  20.00  20.90  21.90  22.90  23.80  25.00  25.80  27.00   
3200  20.00  20.90  21.90  22.90  23.80  24.90  25.80  27.00   
3210  20.00  20.90  21.90  22.90  23.90  25.00  25.80  27.00   
3220  20.00  20.90  21.90  22.90  23.90  25.00  25.80  27.00   
3230  20.00  20.90  21.90  22.90  23.90  25.00  25.80  27.00   
3240  20.00  20.90  21.90  22.90  23.80  25.00  25.80  27.00   
3250  20.00  20.90  21.90  22.90  23.80  25.00  25.80  27.00   
3260  20.00  20.90  21.90  22.90  23.80  25.00  25.80  27.00   
3270  20.00  20.90  21.90  22.90  23.90  25.00  25.80  27.00   
3280  20.00  20.90  21.90  22.90  23.90  25.00  25.80  27.00   
3290  20.00  20.90  21.90  22.90  23.90  25.00  25.80  27.10   
3300  20.00  20.90  21.90  22.90  23.90  25.00  25.80  27.00   
3310  20.00  20.90  21.90  22.90  23.90  25.00  25.80  27.00   
3320  20.00  20.90  21.90  22.90  23.90  25.00  25.80  27.10   
3330  20.00  20.90  21.90  22.90  23.90  25.00  25.80  27.10   
3340  20.00  20.90  21.90  22.90  23.90  25.00  25.80  27.10   
3350  20.00  20.90  21.90  22.90  23.90  25.00  25.80  27.00   
3360  20.00  20.90  21.90  22.90  23.90  25.00  25.80  27.10   
3370  20.00  20.90  21.90  22.90  23.90  25.00  25.80  27.10   
3380  20.00  20.90  21.90  22.90  23.90  25.00  25.80  27.10   
3390  20.00  20.90  21.90  22.90  23.90  25.00  25.80  27.00   
3400  20.00  20.90  21.90  22.90  23.90  25.00  25.80  27.10   
3410  20.00  20.90  21.90  22.90  23.90  25.00  25.80  27.00   
3420  20.00  20.90  21.90  22.90  23.90  25.00  25.80  27.10   
3430  20.00  20.90  21.90  22.90  23.90  25.00  25.80  27.10   
3440  20.00  20.90  21.90  22.90  23.90  25.00  25.80  27.00   
3450  20.00  20.90  21.90  22.90  23.90  25.00  25.80  27.10   
3460  20.00  20.90  21.90  22.90  23.90  25.00  25.80  27.00   
3470  20.00  20.90  21.90  22.90  23.90  25.00  25.80  27.10   
3480  20.00  21.00  21.90  22.90  23.90  25.00  25.90  27.10   
3490  20.00  20.90  21.90  22.90  23.90  25.00  25.80  27.10   
3500  20.00  20.90  21.90  22.90  23.90  25.00  25.80  27.10   
3510  20.00  20.90  21.90  22.90  23.90  25.00  25.80  27.10   
3520  20.00  21.00  21.90  22.90  23.90  25.00  25.80  27.10   
3530  20.10  21.00  21.90  22.90  23.90  25.00  25.90  27.10   
3540  20.10  20.90  21.90  22.90  23.90  25.00  25.80  27.10   
3550  20.00  21.00  21.90  22.90  23.90  25.00  25.90  27.10   
3560  20.00  21.00  21.90  22.90  23.90  25.00  25.90  27.10   
3570  20.00  21.00  21.90  22.90  23.90  25.00  25.90  27.10   
3580  20.00  21.00  21.90  22.90  23.90  25.00  25.90  27.10   
3590  20.00  21.00  21.90  22.90  23.90  25.00  25.90  27.10   
3600  20.10  21.00  22.00  22.90  23.90  25.00  25.90  27.10   
3610  20.00  21.00  21.90  22.90  23.90  25.00  25.90  27.10   
3620  20.00  21.00  21.90  22.90  23.90  25.00  25.90  27.10   
3630  20.00  20.90  21.90  22.90  23.90  25.00  25.90  27.10   
3640  20.00  20.90  21.90  22.90  23.90  25.00  25.90  27.10   
3650  20.00  21.00  21.90  22.90  23.90  25.00  25.90  27.10   
3660  20.00  21.00  21.90  22.90  23.90  25.00  25.90  27.10   
3670  20.00  21.00  21.90  22.90  23.90  25.00  25.90  27.10   
3680  20.00  21.00  21.90  22.90  23.90  25.00  25.90  27.10   
3690  20.10  21.00  21.90  22.90  23.90  25.00  25.90  27.10   
3700  20.10  21.00  21.90  22.90  23.90  25.00  25.90  27.10   
