Time[s]	CH1[°C]	CH2[°C]	CH3[°C]	CH4[°C]	CH5[°C]	CH6[°C]	CH7[°C]	CH8[°C]
0  16.50  16.50  16.60  16.60  16.60  16.70  16.80  16.90   
10  16.50  16.50  16.60  16.60  16.70  16.70  16.80  16.90   
20  16.50  16.50  16.60  16.60  16.70  16.80  16.90  17.10   
30  16.50  16.50  16.60  16.70  16.70  16.80  17.00  17.20   
40  16.50  16.50  16.60  16.70  16.80  16.90  17.20  17.30   
50  16.50  16.50  16.70  16.70  16.90  17.00  17.30  17.50   
60  16.60  16.60  16.70  16.80  16.90  17.10  17.40  17.70   
70  16.60  16.60  16.80  16.90  17.00  17.30  17.60  17.90   
80  16.60  16.60  16.80  16.90  17.10  17.40  17.80  18.10   
90  16.60  16.70  16.90  17.00  17.20  17.50  17.90  18.20   
100  16.60  16.70  16.90  17.10  17.30  17.70  18.10  18.40   
110  16.70  16.80  17.00  17.20  17.50  17.80  18.20  18.60   
120  16.70  16.80  17.10  17.30  17.60  18.00  18.40  18.80   
130  16.80  16.90  17.10  17.40  17.70  18.10  18.60  19.00   
140  16.80  17.00  17.20  17.50  17.80  18.20  18.70  19.20   
150  16.80  17.00  17.30  17.60  18.00  18.40  18.90  19.40   
160  16.90  17.10  17.40  17.70  18.10  18.50  19.10  19.60   
170  16.90  17.20  17.50  17.80  18.20  18.70  19.20  19.70   
180  17.00  17.20  17.60  17.90  18.30  18.80  19.40  19.90   
190  17.00  17.30  17.70  18.00  18.50  19.00  19.60  20.10   
200  17.10  17.40  17.70  18.10  18.60  19.10  19.70  20.30   
210  17.10  17.50  17.80  18.20  18.70  19.30  19.90  20.40   
220  17.20  17.50  17.90  18.30  18.80  19.40  20.00  20.60   
230  17.30  17.60  18.00  18.40  18.90  19.50  20.20  20.80   
240  17.30  17.70  18.10  18.50  19.10  19.70  20.30  20.90   
250  17.40  17.70  18.20  18.60  19.20  19.80  20.50  21.10   
260  17.40  17.80  18.30  18.70  19.30  19.90  20.60  21.20   
270  17.50  17.90  18.40  18.80  19.40  20.00  20.70  21.40   
280  17.50  17.90  18.40  18.90  19.50  20.20  20.90  21.50   
290  17.60  18.00  18.50  19.00  19.60  20.30  21.00  21.70   
300  17.60  18.10  18.60  19.10  19.70  20.40  21.10  21.80   
310  17.60  18.10  18.70  19.20  19.90  20.50  21.30  22.00   
320  17.70  18.20  18.80  19.30  20.00  20.70  21.40  22.10   
330  17.70  18.30  18.80  19.40  20.10  20.80  21.50  22.20   
340  17.80  18.30  18.90  19.40  20.20  20.90  21.60  22.40   
350  17.80  18.40  19.00  19.50  20.30  21.00  21.80  22.50   
360  17.90  18.40  19.10  19.60  20.40  21.10  21.90  22.60   
370  17.90  18.50  19.10  19.70  20.50  21.20  22.00  22.70   
380  18.00  18.50  19.20  19.80  20.60  21.30  22.10  22.90   
390  18.00  18.60  19.30  19.90  20.60  21.40  22.20  23.00   
400  18.00  18.60  19.30  19.90  20.70  21.50  22.30  23.10   
410  18.10  18.70  19.40  20.00  20.80  21.60  22.40  23.20   
420  18.10  18.70  19.50  20.10  20.90  21.70  22.50  23.30   
430  18.20  18.80  19.50  20.20  21.00  21.80  22.60  23.40   
440  18.20  18.80  19.60  20.20  21.10  21.90  22.70  23.50   
450  18.20  18.90  19.60  20.30  21.20  22.00  22.80  23.70   
460  18.30  19.00  19.70  20.40  21.20  22.10  22.90  23.70   
470  18.30  19.00  19.80  20.50  21.30  22.20  23.00  23.80   
480  18.30  19.10  19.80  20.50  21.40  22.20  23.10  23.90   
490  18.40  19.10  19.90  20.60  21.50  22.30  23.20  24.10   
500  18.40  19.10  19.90  20.70  21.50  22.40  23.30  24.20   
510  18.50  19.20  20.00  20.70  21.60  22.50  23.40  24.20   
520  18.50  19.20  20.10  20.80  21.70  22.60  23.50  24.30   
530  18.50  19.30  20.10  20.80  21.80  22.60  23.50  24.40   
540  18.60  19.30  20.20  20.90  21.80  22.70  23.60  24.50   
550  18.60  19.40  20.20  21.00  21.90  22.80  23.70  24.60   
560  18.60  19.40  20.30  21.00  22.00  22.90  23.80  24.70   
570  18.60  19.40  20.30  21.10  22.00  23.00  23.90  24.80   
580  18.70  19.50  20.40  21.20  22.10  23.00  23.90  24.90   
590  18.70  19.50  20.40  21.20  22.20  23.10  24.00  25.00   
600  18.70  19.50  20.40  21.20  22.20  23.20  24.10  25.00   
610  18.70  19.60  20.50  21.30  22.30  23.20  24.10  25.10   
620  18.80  19.60  20.50  21.30  22.30  23.30  24.20  25.20   
630  18.80  19.60  20.60  21.40  22.40  23.40  24.30  25.30   
640  18.80  19.70  20.60  21.40  22.50  23.40  24.40  25.30   
650  18.80  19.70  20.60  21.50  22.50  23.50  24.40  25.40   
660  18.80  19.70  20.70  21.50  22.60  23.50  24.50  25.50   
670  18.90  19.80  20.70  21.60  22.60  23.60  24.60  25.50   
680  18.90  19.80  20.80  21.60  22.70  23.70  24.60  25.60   
690  18.90  19.80  20.80  21.70  22.70  23.70  24.70  25.70   
700  18.90  19.80  20.80  21.70  22.80  23.80  24.70  25.70   
710  19.00  19.90  20.90  21.80  22.80  23.80  24.80  25.80   
720  19.00  19.90  20.90  21.80  22.90  23.90  24.90  25.90   
730  19.00  20.00  21.00  21.90  22.90  23.90  24.90  25.90   
740  19.10  20.00  21.00  21.90  23.00  24.00  25.00  26.00   
750  19.10  20.00  21.00  21.90  23.00  24.00  25.00  26.10   
760  19.10  20.00  21.10  22.00  23.00  24.10  25.10  26.10   
770  19.10  20.10  21.10  22.00  23.10  24.10  25.10  26.20   
780  19.10  20.10  21.10  22.10  23.10  24.20  25.20  26.20   
790  19.20  20.10  21.20  22.10  23.20  24.20  25.30  26.30   
800  19.20  20.20  21.20  22.10  23.20  24.30  25.30  26.30   
810  19.20  20.20  21.20  22.20  23.30  24.30  25.40  26.40   
820  19.20  20.20  21.20  22.20  23.30  24.40  25.40  26.40   
830  19.20  20.20  21.30  22.20  23.30  24.40  25.50  26.50   
840  19.20  20.20  21.30  22.30  23.40  24.50  25.50  26.60   
850  19.30  20.30  21.30  22.30  23.40  24.50  25.50  26.60   
860  19.30  20.30  21.40  22.30  23.50  24.50  25.60  26.60   
870  19.30  20.30  21.40  22.40  23.50  24.60  25.60  26.70   
880  19.30  20.30  21.40  22.40  23.50  24.60  25.70  26.80   
890  19.30  20.30  21.40  22.40  23.50  24.70  25.70  26.80   
900  19.30  20.30  21.50  22.40  23.60  24.70  25.70  26.80   
910  19.30  20.40  21.50  22.50  23.60  24.70  25.80  26.90   
920  19.40  20.40  21.50  22.50  23.70  24.80  25.80  26.90   
930  19.40  20.40  21.50  22.50  23.70  24.80  25.90  27.00   
940  19.40  20.40  21.50  22.60  23.70  24.80  25.90  27.00   
950  19.40  20.50  21.60  22.60  23.80  24.90  25.90  27.10   
960  19.40  20.50  21.60  22.60  23.80  24.90  26.00  27.10   
970  19.40  20.50  21.60  22.60  23.80  24.90  26.00  27.10   
980  19.50  20.50  21.70  22.70  23.90  25.00  26.10  27.20   
990  19.50  20.50  21.70  22.70  23.90  25.00  26.10  27.20   
1000  19.50  20.60  21.70  22.70  23.90  25.00  26.10  27.30   
1010  19.50  20.60  21.70  22.80  23.90  25.10  26.20  27.30   
1020  19.50  20.60  21.70  22.80  24.00  25.10  26.20  27.30   
1030  19.50  20.60  21.80  22.80  24.00  25.10  26.20  27.40   
1040  19.60  20.60  21.80  22.80  24.00  25.20  26.30  27.40   
1050  19.60  20.70  21.80  22.90  24.10  25.20  26.30  27.40   
1060  19.60  20.70  21.80  22.90  24.10  25.20  26.30  27.50   
1070  19.60  20.70  21.80  22.90  24.10  25.20  26.40  27.50   
1080  19.60  20.70  21.90  22.90  24.10  25.30  26.40  27.50   
1090  19.60  20.70  21.90  22.90  24.20  25.30  26.40  27.60   
1100  19.60  20.70  21.90  23.00  24.20  25.30  26.50  27.60   
1110  19.60  20.70  21.90  23.00  24.20  25.40  26.50  27.60   
1120  19.60  20.70  21.90  23.00  24.20  25.40  26.50  27.70   
1130  19.60  20.80  22.00  23.00  24.30  25.40  26.50  27.70   
1140  19.60  20.80  22.00  23.00  24.30  25.40  26.60  27.70   
1150  19.70  20.80  22.00  23.10  24.30  25.50  26.60  27.80   
1160  19.70  20.80  22.00  23.10  24.30  25.50  26.60  27.80   
1170  19.70  20.80  22.00  23.10  24.30  25.50  26.70  27.80   
1180  19.70  20.80  22.00  23.10  24.40  25.50  26.70  27.90   
1190  19.70  20.80  22.00  23.10  24.40  25.60  26.70  27.90   
1200  19.70  20.80  22.00  23.10  24.40  25.60  26.70  27.90   
1210  19.70  20.80  22.10  23.20  24.40  25.60  26.70  27.90   
1220  19.70  20.80  22.10  23.20  24.40  25.60  26.80  28.00   
1230  19.70  20.80  22.10  23.20  24.50  25.60  26.80  28.00   
1240  19.70  20.90  22.10  23.20  24.50  25.70  26.80  28.00   
1250  19.70  20.90  22.10  23.20  24.50  25.70  26.80  28.00   
1260  19.70  20.90  22.10  23.20  24.50  25.70  26.80  28.10   
1270  19.70  20.90  22.10  23.20  24.50  25.70  26.90  28.10   
1280  19.70  20.90  22.10  23.20  24.50  25.70  26.90  28.10   
1290  19.80  20.90  22.20  23.30  24.50  25.70  26.90  28.10   
1300  19.80  20.90  22.20  23.30  24.50  25.80  26.90  28.10   
1310  19.80  20.90  22.20  23.30  24.60  25.80  27.00  28.20   
1320  19.80  20.90  22.20  23.30  24.60  25.80  27.00  28.20   
1330  19.80  20.90  22.20  23.30  24.60  25.80  27.00  28.20   
1340  19.80  21.00  22.20  23.30  24.60  25.80  27.00  28.20   
1350  19.80  21.00  22.20  23.40  24.60  25.80  27.00  28.30   
1360  19.80  21.00  22.20  23.40  24.70  25.90  27.00  28.30   
1370  19.80  21.00  22.20  23.40  24.70  25.90  27.10  28.30   
1380  19.80  21.00  22.30  23.40  24.70  25.90  27.10  28.30   
1390  19.80  21.00  22.30  23.40  24.70  25.90  27.10  28.30   
1400  19.90  21.00  22.30  23.40  24.70  25.90  27.10  28.30   
1410  19.90  21.00  22.30  23.40  24.70  26.00  27.10  28.40   
1420  19.90  21.00  22.30  23.50  24.70  26.00  27.20  28.40   
1430  19.90  21.10  22.30  23.50  24.80  26.00  27.20  28.40   
1440  19.90  21.10  22.30  23.50  24.80  26.00  27.20  28.40   
1450  19.90  21.10  22.30  23.50  24.80  26.00  27.20  28.40   
1460  19.90  21.10  22.30  23.50  24.80  26.00  27.20  28.50   
1470  19.90  21.10  22.40  23.50  24.80  26.00  27.20  28.50   
1480  19.90  21.10  22.40  23.50  24.80  26.00  27.30  28.50   
1490  19.90  21.10  22.40  23.50  24.80  26.10  27.30  28.50   
1500  19.90  21.10  22.40  23.50  24.80  26.10  27.30  28.50   
1510  19.90  21.10  22.40  23.60  24.90  26.10  27.30  28.50   
1520  19.90  21.10  22.40  23.50  24.90  26.10  27.30  28.60   
1530  19.90  21.10  22.40  23.60  24.90  26.10  27.30  28.60   
1540  19.90  21.10  22.40  23.60  24.90  26.10  27.30  28.60   
1550  19.90  21.10  22.40  23.60  24.90  26.10  27.30  28.60   
1560  19.90  21.10  22.40  23.60  24.90  26.10  27.30  28.60   
1570  20.00  21.20  22.40  23.60  24.90  26.20  27.40  28.60   
1580  20.00  21.20  22.50  23.60  24.90  26.20  27.40  28.60   
1590  20.00  21.20  22.50  23.60  25.00  26.20  27.40  28.70   
1600  20.00  21.20  22.50  23.70  25.00  26.20  27.40  28.70   
1610  20.00  21.20  22.50  23.70  25.00  26.20  27.40  28.70   
1620  20.00  21.20  22.50  23.70  25.00  26.20  27.40  28.70   
1630  20.00  21.20  22.50  23.70  25.00  26.20  27.40  28.70   
1640  20.10  21.30  22.50  23.70  25.00  26.30  27.50  28.70   
1650  20.10  21.30  22.60  23.70  25.00  26.30  27.50  28.70   
1660  20.10  21.30  22.60  23.70  25.00  26.30  27.50  28.80   
1670  20.10  21.30  22.60  23.70  25.10  26.30  27.50  28.80   
1680  20.10  21.30  22.60  23.70  25.10  26.30  27.50  28.80   
1690  20.10  21.30  22.60  23.80  25.10  26.30  27.50  28.80   
1700  20.10  21.30  22.60  23.80  25.10  26.30  27.50  28.80   
1710  20.10  21.30  22.60  23.80  25.10  26.30  27.60  28.80   
1720  20.10  21.30  22.60  23.80  25.10  26.40  27.60  28.80   
1730  20.10  21.30  22.60  23.80  25.10  26.40  27.60  28.90   
1740  20.10  21.30  22.60  23.80  25.10  26.40  27.60  28.90   
1750  20.10  21.30  22.60  23.80  25.10  26.40  27.60  28.90   
1760  20.10  21.30  22.60  23.80  25.10  26.40  27.60  28.90   
1770  20.10  21.30  22.60  23.80  25.10  26.40  27.60  28.90   
1780  20.10  21.30  22.70  23.80  25.20  26.40  27.60  28.90   
1790  20.10  21.30  22.70  23.80  25.20  26.40  27.60  28.90   
1800  20.10  21.30  22.70  23.80  25.20  26.40  27.60  28.90   
1810  20.10  21.30  22.70  23.80  25.20  26.40  27.70  29.00   
1820  20.10  21.30  22.70  23.90  25.20  26.50  27.70  29.00   
1830  20.10  21.30  22.70  23.80  25.20  26.40  27.70  29.00   
1840  20.10  21.30  22.70  23.90  25.20  26.50  27.70  29.00   
1850  20.10  21.30  22.70  23.90  25.20  26.50  27.70  29.00   
1860  20.10  21.30  22.70  23.90  25.20  26.50  27.70  29.00   
1870  20.10  21.30  22.70  23.90  25.20  26.50  27.70  29.00   
1880  20.10  21.30  22.70  23.90  25.20  26.50  27.70  29.00   
1890  20.10  21.30  22.70  23.90  25.20  26.50  27.70  29.00   
1900  20.10  21.30  22.70  23.90  25.20  26.50  27.70  29.00   
1910  20.10  21.30  22.70  23.90  25.20  26.50  27.70  29.00   
1920  20.10  21.30  22.70  23.90  25.20  26.50  27.70  29.00   
1930  20.10  21.30  22.70  23.90  25.20  26.50  27.70  29.00   
1940  20.10  21.40  22.70  23.90  25.20  26.50  27.80  29.10   
1950  20.10  21.40  22.70  23.90  25.30  26.50  27.80  29.10   
1960  20.10  21.40  22.70  23.90  25.30  26.50  27.80  29.10   
1970  20.10  21.40  22.70  23.90  25.30  26.50  27.80  29.10   
1980  20.10  21.40  22.70  23.90  25.30  26.60  27.80  29.10   
1990  20.10  21.40  22.70  23.90  25.30  26.60  27.80  29.10   
2000  20.10  21.40  22.70  23.90  25.30  26.60  27.80  29.10   
2010  20.10  21.40  22.70  23.90  25.30  26.60  27.80  29.10   
2020  20.10  21.40  22.70  23.90  25.30  26.60  27.80  29.10   
2030  20.10  21.40  22.70  23.90  25.30  26.60  27.80  29.10   
2040  20.10  21.40  22.70  23.90  25.30  26.60  27.80  29.10   
2050  20.10  21.40  22.70  24.00  25.30  26.60  27.80  29.10   
2060  20.10  21.40  22.70  23.90  25.30  26.60  27.80  29.10   
2070  20.10  21.40  22.70  24.00  25.30  26.60  27.80  29.10   
2080  20.20  21.40  22.80  24.00  25.30  26.60  27.90  29.20   
2090  20.20  21.40  22.80  24.00  25.30  26.60  27.90  29.20   
2100  20.20  21.40  22.80  24.00  25.30  26.60  27.90  29.20   
2110  20.20  21.40  22.80  24.00  25.30  26.60  27.90  29.20   
2120  20.20  21.40  22.80  24.00  25.30  26.60  27.90  29.20   
2130  20.10  21.40  22.80  24.00  25.30  26.60  27.90  29.20   
2140  20.10  21.40  22.80  24.00  25.30  26.60  27.90  29.20   
2150  20.10  21.40  22.80  24.00  25.30  26.60  27.90  29.20   
2160  20.10  21.40  22.80  24.00  25.30  26.60  27.90  29.20   
2170  20.10  21.40  22.80  24.00  25.30  26.60  27.90  29.20   
2180  20.20  21.40  22.80  24.00  25.30  26.60  27.90  29.20   
2190  20.20  21.40  22.80  24.00  25.40  26.60  27.90  29.20   
2200  20.20  21.40  22.80  24.00  25.40  26.60  27.90  29.20   
2210  20.20  21.40  22.80  24.00  25.40  26.70  27.90  29.20   
2220  20.20  21.40  22.80  24.00  25.40  26.70  27.90  29.20   
2230  20.20  21.40  22.80  24.00  25.40  26.70  27.90  29.20   
2240  20.20  21.40  22.80  24.00  25.40  26.70  27.90  29.20   
2250  20.20  21.50  22.80  24.00  25.40  26.70  27.90  29.20   
2260  20.20  21.50  22.80  24.00  25.40  26.70  27.90  29.30   
2270  20.20  21.50  22.80  24.00  25.40  26.70  27.90  29.30   
2280  20.20  21.50  22.80  24.00  25.40  26.70  27.90  29.30   
2290  20.20  21.50  22.80  24.00  25.40  26.70  27.90  29.30   
2300  20.20  21.50  22.80  24.00  25.40  26.70  27.90  29.30   
2310  20.20  21.50  22.80  24.10  25.40  26.70  28.00  29.30   
2320  20.20  21.50  22.80  24.10  25.40  26.70  28.00  29.30   
2330  20.20  21.50  22.80  24.10  25.40  26.70  28.00  29.30   
2340  20.20  21.50  22.80  24.10  25.40  26.70  28.00  29.30   
2350  20.30  21.50  22.90  24.10  25.40  26.70  28.00  29.30   
2360  20.30  21.50  22.80  24.10  25.40  26.70  28.00  29.30   
2370  20.20  21.50  22.90  24.10  25.40  26.70  28.00  29.30   
2380  20.20  21.50  22.90  24.10  25.40  26.70  28.00  29.30   
2390  20.30  21.50  22.90  24.10  25.40  26.70  28.00  29.30   
2400  20.20  21.50  22.90  24.10  25.40  26.70  28.00  29.30   
2410  20.20  21.50  22.90  24.10  25.50  26.70  28.00  29.30   
2420  20.20  21.50  22.90  24.10  25.50  26.70  28.00  29.30   
2430  20.20  21.50  22.80  24.10  25.50  26.80  28.00  29.30   
2440  20.20  21.50  22.80  24.10  25.40  26.70  28.00  29.30   
2450  20.20  21.50  22.90  24.10  25.50  26.80  28.00  29.40   
2460  20.20  21.50  22.90  24.10  25.50  26.80  28.00  29.30   
2470  20.20  21.50  22.90  24.10  25.50  26.80  28.00  29.40   
2480  20.20  21.50  22.90  24.10  25.50  26.80  28.00  29.40   
2490  20.20  21.50  22.90  24.10  25.50  26.80  28.00  29.40   
2500  20.20  21.50  22.90  24.10  25.50  26.80  28.00  29.40   
2510  20.20  21.50  22.90  24.10  25.50  26.80  28.00  29.40   
2520  20.20  21.50  22.90  24.10  25.50  26.80  28.00  29.40   
2530  20.20  21.50  22.90  24.10  25.50  26.80  28.00  29.40   
2540  20.20  21.50  22.90  24.10  25.50  26.80  28.00  29.40   
2550  20.20  21.50  22.90  24.10  25.50  26.80  28.00  29.40   
2560  20.20  21.50  22.90  24.10  25.50  26.80  28.00  29.40   
2570  20.20  21.50  22.90  24.10  25.50  26.80  28.00  29.40   
2580  20.20  21.50  22.90  24.10  25.50  26.80  28.00  29.40   
2590  20.20  21.50  22.90  24.10  25.50  26.80  28.10  29.40   
2600  20.20  21.50  22.90  24.10  25.50  26.80  28.00  29.40   
2610  20.20  21.50  22.90  24.10  25.50  26.80  28.00  29.40   
2620  20.20  21.50  22.90  24.10  25.50  26.80  28.10  29.40   
2630  20.30  21.50  22.90  24.10  25.50  26.80  28.10  29.40   
2640  20.30  21.50  22.90  24.10  25.50  26.80  28.10  29.40   
2650  20.30  21.50  22.90  24.10  25.50  26.80  28.10  29.40   
2660  20.30  21.50  22.90  24.10  25.50  26.80  28.10  29.40   
2670  20.30  21.50  22.90  24.10  25.50  26.80  28.10  29.40   
2680  20.20  21.50  22.90  24.10  25.50  26.80  28.10  29.40   
2690  20.30  21.50  22.90  24.10  25.50  26.80  28.10  29.40   
2700  20.30  21.50  22.90  24.10  25.50  26.80  28.10  29.40   
2710  20.30  21.50  22.90  24.10  25.50  26.80  28.10  29.40   
2720  20.30  21.50  22.90  24.10  25.50  26.80  28.10  29.40   
2730  20.30  21.50  22.90  24.10  25.50  26.80  28.10  29.40   
2740  20.20  21.50  22.90  24.10  25.50  26.80  28.10  29.40   
2750  20.20  21.50  22.90  24.10  25.50  26.80  28.10  29.40   
2760  20.30  21.50  22.90  24.10  25.50  26.80  28.10  29.40   
2770  20.30  21.50  22.90  24.10  25.50  26.80  28.10  29.40   
2780  20.20  21.50  22.90  24.10  25.50  26.80  28.10  29.40   
2790  20.30  21.50  22.90  24.10  25.50  26.80  28.10  29.40   
2800  20.30  21.50  22.90  24.10  25.50  26.80  28.10  29.50   
2810  20.30  21.50  22.90  24.10  25.50  26.80  28.10  29.40   
2820  20.30  21.50  22.90  24.10  25.50  26.80  28.10  29.40   
2830  20.30  21.50  22.90  24.20  25.50  26.80  28.10  29.50   
2840  20.30  21.50  22.90  24.10  25.50  26.80  28.10  29.50   
2850  20.30  21.50  22.90  24.20  25.50  26.80  28.10  29.50   
2860  20.30  21.50  22.90  24.20  25.50  26.80  28.10  29.40   
2870  20.30  21.60  22.90  24.20  25.50  26.80  28.10  29.40   
2880  20.30  21.60  22.90  24.20  25.50  26.80  28.10  29.50   
2890  20.30  21.60  22.90  24.20  25.50  26.80  28.10  29.50   
2900  20.30  21.60  22.90  24.20  25.50  26.80  28.10  29.50   
2910  20.30  21.60  22.90  24.20  25.50  26.80  28.10  29.50   
2920  20.30  21.60  22.90  24.20  25.50  26.90  28.10  29.50   
2930  20.30  21.60  23.00  24.20  25.60  26.90  28.10  29.50   
2940  20.30  21.60  23.00  24.20  25.60  26.90  28.10  29.50   
2950  20.30  21.60  22.90  24.20  25.60  26.90  28.10  29.50   
2960  20.30  21.60  22.90  24.20  25.60  26.90  28.10  29.50   
2970  20.30  21.60  23.00  24.20  25.60  26.90  28.10  29.50   
2980  20.30  21.60  23.00  24.20  25.60  26.90  28.10  29.50   
2990  20.30  21.60  23.00  24.20  25.60  26.90  28.10  29.50   
3000  20.30  21.60  23.00  24.20  25.60  26.90  28.10  29.50   
3010  20.30  21.60  22.90  24.20  25.60  26.90  28.10  29.50   
3020  20.30  21.60  22.90  24.20  25.60  26.90  28.10  29.50   
3030  20.30  21.60  22.90  24.20  25.60  26.90  28.10  29.50   
3040  20.30  21.60  23.00  24.20  25.60  26.90  28.10  29.50   
3050  20.30  21.60  22.90  24.20  25.60  26.90  28.10  29.50   
3060  20.30  21.60  22.90  24.20  25.60  26.90  28.10  29.50   
3070  20.30  21.60  23.00  24.20  25.60  26.90  28.10  29.50   
3080  20.30  21.60  23.00  24.20  25.60  26.90  28.20  29.50   
3090  20.30  21.60  23.00  24.20  25.60  26.90  28.20  29.50   
3100  20.30  21.60  23.00  24.20  25.60  26.90  28.20  29.50   
3110  20.30  21.60  23.00  24.20  25.60  26.90  28.20  29.50   
3120  20.30  21.60  23.00  24.20  25.60  26.90  28.20  29.50   
3130  20.30  21.60  23.00  24.20  25.60  26.90  28.20  29.50   
3140  20.30  21.60  23.00  24.20  25.60  26.90  28.20  29.50   
3150  20.30  21.60  23.00  24.20  25.60  26.90  28.20  29.50   
3160  20.30  21.60  23.00  24.20  25.60  26.90  28.20  29.50   
3170  20.30  21.60  23.00  24.20  25.60  26.90  28.20  29.50   
3180  20.30  21.60  23.00  24.20  25.60  26.90  28.20  29.50   
3190  20.30  21.60  23.00  24.20  25.60  26.90  28.20  29.50   
3200  20.40  21.60  23.00  24.20  25.60  26.90  28.20  29.50   
3210  20.30  21.60  23.00  24.20  25.60  26.90  28.20  29.50   
3220  20.30  21.60  23.00  24.20  25.60  26.90  28.20  29.50   
3230  20.30  21.60  23.00  24.20  25.60  26.90  28.20  29.50   
3240  20.30  21.60  23.00  24.20  25.60  26.90  28.20  29.50   
3250  20.30  21.60  23.00  24.20  25.60  26.90  28.20  29.50   
3260  20.30  21.60  23.00  24.20  25.60  26.90  28.20  29.50   
3270  20.30  21.60  23.00  24.20  25.60  26.90  28.20  29.50   
3280  20.30  21.60  23.00  24.20  25.60  26.90  28.20  29.50   
3290  20.30  21.60  23.00  24.20  25.60  26.90  28.20  29.60   
3300  20.30  21.60  23.00  24.20  25.60  26.90  28.20  29.60   
3310  20.30  21.60  23.00  24.20  25.60  26.90  28.20  29.50   
3320  20.30  21.60  23.00  24.20  25.60  26.90  28.20  29.50   
3330  20.30  21.60  23.00  24.20  25.60  26.90  28.20  29.60   
3340  20.30  21.60  23.00  24.20  25.60  26.90  28.20  29.60   
3350  20.30  21.60  23.00  24.20  25.60  26.90  28.20  29.50   
3360  20.30  21.60  23.00  24.20  25.60  26.90  28.20  29.60   
3370  20.30  21.60  23.00  24.20  25.60  26.90  28.20  29.60   
3380  20.30  21.60  23.00  24.20  25.60  26.90  28.20  29.60   
3390  20.30  21.60  23.00  24.20  25.60  26.90  28.20  29.60   
3400  20.30  21.60  23.00  24.20  25.60  26.90  28.20  29.60   
3410  20.30  21.60  23.00  24.20  25.60  26.90  28.20  29.60   
3420  20.40  21.60  23.00  24.20  25.60  26.90  28.20  29.60   
3430  20.30  21.60  23.00  24.20  25.60  26.90  28.20  29.60   
3440  20.30  21.60  23.00  24.20  25.60  26.90  28.20  29.60   
3450  20.30  21.60  23.00  24.20  25.60  26.90  28.20  29.60   
3460  20.30  21.60  23.00  24.20  25.60  26.90  28.20  29.60   
3470  20.30  21.60  23.00  24.20  25.60  26.90  28.20  29.60   
3480  20.30  21.60  23.00  24.20  25.60  26.90  28.20  29.60   
3490  20.30  21.60  23.00  24.20  25.60  26.90  28.20  29.60   
3500  20.30  21.60  23.00  24.20  25.60  26.90  28.20  29.60   
3510  20.30  21.60  23.00  24.20  25.60  26.90  28.20  29.60   
3520  20.30  21.60  23.00  24.20  25.60  26.90  28.20  29.60   
3530  20.30  21.60  23.00  24.20  25.60  26.90  28.20  29.60   
3540  20.30  21.60  23.00  24.20  25.60  26.90  28.20  29.60   
3550  20.30  21.60  23.00  24.20  25.60  26.90  28.20  29.60   
3560  20.30  21.60  23.00  24.20  25.60  26.90  28.20  29.60   
3570  20.30  21.60  23.00  24.20  25.60  26.90  28.20  29.60   
3580  20.30  21.60  23.00  24.20  25.60  26.90  28.20  29.60   
3590  20.30  21.60  23.00  24.20  25.60  26.90  28.20  29.60   
3600  20.30  21.60  23.00  24.20  25.60  26.90  28.20  29.60   
3610  20.30  21.60  23.00  24.20  25.60  26.90  28.20  29.60   
3620  20.30  21.60  23.00  24.20  25.60  26.90  28.20  29.60   
3630  20.30  21.60  23.00  24.20  25.60  26.90  28.20  29.60   
3640  20.30  21.60  23.00  24.20  25.60  26.90  28.20  29.60   
3650  20.30  21.60  23.00  24.20  25.60  26.90  28.20  29.60   
3660  20.30  21.60  23.00  24.20  25.60  26.90  28.20  29.60   
3670  20.30  21.60  23.00  24.20  25.60  26.90  28.20  29.60   
3680  20.30  21.60  23.00  24.20  25.60  26.90  28.20  29.60   
3690  20.30  21.60  23.00  24.20  25.60  26.90  28.20  29.60   
3700  20.30  21.60  23.00  24.20  25.60  26.90  28.20  29.60   
3710  20.30  21.60  23.00  24.20  25.60  26.90  28.20  29.60   
3720  20.30  21.60  23.00  24.20  25.60  26.90  28.20  29.60   
3730  20.30  21.60  23.00  24.20  25.60  26.90  28.20  29.60   
3740  20.30  21.60  23.00  24.20  25.60  26.90  28.20  29.60   
3750  20.30  21.60  23.00  24.20  25.60  26.90  28.20  29.60   
3760  20.30  21.60  23.00  24.20  25.60  26.90  28.20  29.60   
3770  20.30  21.60  23.00  24.20  25.60  26.90  28.20  29.60   
3780  20.30  21.60  23.00  24.20  25.60  26.90  28.20  29.60   
3790  20.30  21.60  23.00  24.20  25.60  26.90  28.20  29.60   
3800  20.30  21.60  23.00  24.20  25.60  26.90  28.20  29.60   
3810  20.30  21.60  23.00  24.20  25.60  26.90  28.20  29.60   
3820  20.30  21.60  23.00  24.20  25.60  26.90  28.20  29.60   
3830  20.30  21.60  23.00  24.20  25.60  26.90  28.20  29.60   
3840  20.30  21.60  23.00  24.20  25.60  26.90  28.20  29.60   
3850  20.30  21.60  23.00  24.20  25.60  26.90  28.20  29.60   
3860  20.30  21.60  23.00  24.20  25.60  26.90  28.20  29.60   
3870  20.30  21.60  23.00  24.20  25.60  26.90  28.20  29.60   
3880  20.30  21.60  23.00  24.20  25.60  26.90  28.20  29.60   
3890  20.30  21.60  23.00  24.20  25.60  26.90  28.20  29.60   
3900  20.30  21.60  23.00  24.20  25.60  26.90  28.20  29.60   
3910  20.30  21.60  23.00  24.20  25.60  26.90  28.20  29.60   
3920  20.30  21.60  23.00  24.20  25.60  26.90  28.20  29.60   
3930  20.30  21.60  23.00  24.20  25.60  26.90  28.20  29.60   
3940  20.30  21.60  23.00  24.20  25.60  26.90  28.20  29.60   
3950  20.30  21.60  23.00  24.20  25.60  26.90  28.20  29.60   
3960  20.30  21.60  23.00  24.20  25.60  26.90  28.20  29.60   
3970  20.30  21.60  23.00  24.20  25.60  26.90  28.20  29.60   
3980  20.30  21.60  23.00  24.20  25.60  26.90  28.20  29.60   
3990  20.30  21.60  23.00  24.20  25.60  26.90  28.20  29.60   
4000  20.30  21.60  23.00  24.20  25.60  26.90  28.20  29.60   
4010  20.30  21.60  23.00  24.20  25.60  26.90  28.20  29.60   
4020  20.30  21.60  23.00  24.20  25.60  26.90  28.20  29.60   
4030  20.30  21.60  23.00  24.20  25.60  26.90  28.20  29.60   
4040  20.30  21.60  23.00  24.20  25.60  26.90  28.20  29.60   
4050  20.30  21.60  23.00  24.20  25.60  26.90  28.20  29.60   
4060  20.30  21.60  23.00  24.20  25.60  26.90  28.20  29.60   
4070  20.30  21.60  23.00  24.20  25.60  26.90  28.20  29.60   
4080  20.30  21.60  23.00  24.20  25.60  26.90  28.20  29.60   
4090  20.30  21.60  23.00  24.20  25.60  26.90  28.20  29.60   
4100  20.30  21.60  23.00  24.20  25.60  26.90  28.20  29.60   
4110  20.30  21.60  23.00  24.20  25.60  26.90  28.20  29.60   
4120  20.30  21.60  23.00  24.20  25.60  26.90  28.20  29.60   
4130  20.30  21.60  23.00  24.20  25.60  26.90  28.20  29.60   
4140  20.30  21.60  23.00  24.20  25.60  26.90  28.20  29.60   
4150  20.30  21.60  23.00  24.20  25.60  26.90  28.20  29.60   
4160  20.30  21.60  23.00  24.20  25.60  26.90  28.20  29.60   
4170  20.30  21.60  23.00  24.20  25.60  26.90  28.20  29.60   
4180  20.30  21.60  23.00  24.20  25.60  26.90  28.20  29.60   
4190  20.30  21.60  23.00  24.20  25.60  26.90  28.20  29.60   
4200  20.30  21.50  23.00  24.20  25.60  26.90  28.20  29.60   
4210  20.30  21.60  23.00  24.20  25.60  26.90  28.20  29.60   
4220  20.30  21.60  23.00  24.20  25.60  26.90  28.20  29.60   
4230  20.30  21.50  22.90  24.20  25.60  26.90  28.20  29.60   
4240  20.30  21.50  23.00  24.20  25.60  26.90  28.20  29.60   
4250  20.30  21.50  23.00  24.20  25.60  26.90  28.20  29.60   
4260  20.30  21.50  22.90  24.20  25.60  26.90  28.20  29.60   
4270  20.30  21.50  23.00  24.20  25.60  26.90  28.20  29.60   
4280  20.30  21.50  22.90  24.20  25.60  26.90  28.20  29.60   
4290  20.30  21.60  22.90  24.20  25.60  26.90  28.20  29.60   
4300  20.30  21.60  23.00  24.20  25.60  26.90  28.20  29.60   
4310  20.30  21.60  23.00  24.20  25.60  26.90  28.20  29.60   
4320  20.30  21.50  23.00  24.20  25.60  26.90  28.20  29.60   
4330  20.30  21.60  22.90  24.20  25.60  26.90  28.20  29.60   
4340  20.30  21.60  23.00  24.20  25.60  26.90  28.20  29.60   
4350  20.30  21.60  23.00  24.20  25.60  26.90  28.20  29.60   
4360  20.30  21.60  23.00  24.20  25.60  26.90  28.20  29.60   
4370  20.30  21.60  23.00  24.20  25.60  26.90  28.20  29.60   
4380  20.30  21.60  23.00  24.20  25.60  26.90  28.20  29.60   
4390  20.30  21.60  23.00  24.20  25.60  26.90  28.20  29.60   
4400  20.30  21.60  23.00  24.20  25.60  26.90  28.20  29.60   
4410  20.30  21.60  23.00  24.20  25.60  26.90  28.20  29.60   
4420  20.30  21.50  22.90  24.20  25.60  26.90  28.20  29.60   
4430  20.30  21.50  22.90  24.20  25.60  26.90  28.20  29.60   
4440  20.30  21.50  23.00  24.20  25.60  26.90  28.20  29.60   
4450  20.30  21.50  22.90  24.20  25.60  26.90  28.20  29.60   
4460  20.20  21.50  22.90  24.20  25.60  26.90  28.20  29.60   
4470  20.20  21.50  22.90  24.20  25.60  26.90  28.20  29.60   
4480  20.20  21.50  22.90  24.20  25.60  26.90  28.20  29.60   
4490  20.20  21.50  22.90  24.20  25.60  26.90  28.20  29.60   
4500  20.20  21.50  22.90  24.20  25.60  26.90  28.20  29.60   
4510  20.20  21.50  22.90  24.20  25.60  26.90  28.20  29.60   
4520  20.20  21.50  22.90  24.20  25.60  26.90  28.20  29.60   
4530  20.20  21.50  22.90  24.20  25.60  26.90  28.20  29.60   
4540  20.20  21.50  22.90  24.20  25.60  26.90  28.20  29.50   
