Time[s]	CH1[°C]	CH2[°C]	CH3[°C]	CH4[°C]	CH5[°C]	CH6[°C]	CH7[°C]	CH8[°C]
0  16.60  16.50  16.70  16.70  16.80  16.80  16.90  17.00   
10  16.60  16.50  16.70  16.70  16.80  16.80  16.90  17.10   
20  16.60  16.50  16.70  16.70  16.80  16.80  17.00  17.20   
30  16.60  16.50  16.70  16.70  16.80  16.90  17.10  17.30   
40  16.60  16.60  16.70  16.80  16.90  17.00  17.20  17.50   
50  16.60  16.60  16.70  16.80  17.00  17.10  17.40  17.70   
60  16.60  16.60  16.80  16.90  17.10  17.30  17.60  18.00   
70  16.60  16.70  16.80  17.00  17.20  17.40  17.80  18.20   
80  16.70  16.70  16.90  17.00  17.30  17.60  18.00  18.50   
90  16.70  16.80  17.00  17.20  17.50  17.80  18.30  18.80   
100  16.70  16.80  17.10  17.30  17.60  18.00  18.50  19.00   
110  16.80  16.90  17.20  17.40  17.80  18.20  18.80  19.30   
120  16.90  17.00  17.30  17.50  18.00  18.40  19.00  19.60   
130  16.90  17.10  17.40  17.70  18.10  18.60  19.30  19.80   
140  17.00  17.20  17.50  17.80  18.30  18.90  19.50  20.10   
150  17.00  17.30  17.60  18.00  18.50  19.10  19.80  20.40   
160  17.10  17.30  17.70  18.10  18.70  19.30  20.00  20.70   
170  17.10  17.40  17.80  18.20  18.90  19.50  20.20  20.90   
180  17.20  17.60  18.00  18.40  19.10  19.70  20.50  21.20   
190  17.30  17.60  18.10  18.60  19.20  19.90  20.70  21.40   
200  17.40  17.70  18.20  18.70  19.40  20.10  21.00  21.70   
210  17.40  17.80  18.40  18.90  19.60  20.30  21.20  21.90   
220  17.50  18.00  18.50  19.00  19.80  20.60  21.40  22.20   
230  17.60  18.10  18.60  19.20  20.00  20.80  21.60  22.40   
240  17.70  18.20  18.80  19.30  20.10  21.00  21.90  22.60   
250  17.80  18.30  18.90  19.50  20.30  21.10  22.10  22.90   
260  17.80  18.40  19.00  19.60  20.50  21.30  22.30  23.10   
270  17.90  18.50  19.10  19.80  20.70  21.50  22.50  23.30   
280  18.00  18.60  19.30  19.90  20.80  21.70  22.70  23.50   
290  18.00  18.70  19.40  20.10  21.00  21.90  22.90  23.70   
300  18.10  18.70  19.50  20.20  21.10  22.10  23.10  23.90   
310  18.20  18.90  19.60  20.40  21.30  22.30  23.30  24.20   
320  18.30  18.90  19.70  20.50  21.50  22.40  23.50  24.40   
330  18.30  19.00  19.80  20.60  21.60  22.60  23.70  24.60   
340  18.40  19.10  19.90  20.70  21.80  22.80  23.80  24.80   
350  18.40  19.20  20.00  20.90  21.90  22.90  24.00  24.90   
360  18.50  19.30  20.20  21.00  22.00  23.10  24.20  25.10   
370  18.60  19.40  20.30  21.10  22.20  23.30  24.40  25.30   
380  18.70  19.50  20.40  21.30  22.30  23.40  24.50  25.50   
390  18.70  19.60  20.50  21.40  22.50  23.60  24.70  25.70   
400  18.80  19.60  20.60  21.50  22.60  23.70  24.90  25.80   
410  18.80  19.70  20.70  21.60  22.70  23.90  25.00  26.00   
420  18.90  19.80  20.80  21.70  22.90  24.00  25.20  26.20   
430  19.00  19.90  20.90  21.80  23.00  24.20  25.30  26.40   
440  19.00  20.00  21.00  21.90  23.10  24.30  25.50  26.50   
450  19.10  20.00  21.00  22.10  23.30  24.40  25.60  26.70   
460  19.10  20.10  21.10  22.10  23.40  24.60  25.80  26.80   
470  19.20  20.10  21.20  22.30  23.50  24.70  25.90  27.00   
480  19.20  20.20  21.30  22.40  23.60  24.80  26.10  27.10   
490  19.30  20.30  21.40  22.50  23.70  25.00  26.20  27.30   
500  19.30  20.40  21.50  22.50  23.80  25.10  26.30  27.40   
510  19.30  20.40  21.50  22.60  23.90  25.20  26.50  27.60   
520  19.40  20.50  21.60  22.70  24.00  25.30  26.60  27.70   
530  19.50  20.50  21.70  22.80  24.10  25.40  26.70  27.80   
540  19.50  20.60  21.80  22.90  24.20  25.50  26.80  27.90   
550  19.60  20.70  21.90  23.00  24.30  25.60  26.90  28.10   
560  19.60  20.70  21.90  23.10  24.40  25.70  27.10  28.20   
570  19.70  20.80  22.00  23.20  24.50  25.90  27.20  28.30   
580  19.70  20.80  22.10  23.20  24.60  26.00  27.30  28.40   
590  19.70  20.90  22.10  23.30  24.70  26.10  27.40  28.60   
600  19.80  21.00  22.20  23.40  24.80  26.20  27.50  28.70   
610  19.80  21.00  22.30  23.50  24.90  26.30  27.60  28.80   
620  19.90  21.10  22.40  23.60  25.00  26.40  27.70  28.90   
630  19.90  21.10  22.40  23.60  25.10  26.50  27.80  29.00   
640  19.90  21.20  22.50  23.70  25.20  26.60  27.90  29.20   
650  20.00  21.20  22.50  23.80  25.20  26.60  28.00  29.20   
660  20.00  21.20  22.60  23.80  25.30  26.70  28.10  29.30   
670  20.00  21.30  22.60  23.90  25.40  26.80  28.20  29.50   
680  20.10  21.30  22.70  24.00  25.50  26.90  28.30  29.60   
690  20.10  21.40  22.70  24.00  25.50  27.00  28.40  29.70   
700  20.10  21.40  22.80  24.10  25.60  27.10  28.50  29.80   
710  20.20  21.50  22.90  24.20  25.70  27.20  28.60  29.90   
720  20.20  21.50  22.90  24.20  25.70  27.20  28.70  29.90   
730  20.30  21.60  23.00  24.30  25.80  27.30  28.80  30.00   
740  20.30  21.60  23.00  24.40  25.90  27.40  28.80  30.10   
750  20.30  21.70  23.10  24.40  25.90  27.50  28.90  30.20   
760  20.40  21.70  23.10  24.50  26.00  27.50  29.00  30.30   
770  20.40  21.70  23.20  24.50  26.10  27.60  29.10  30.40   
780  20.40  21.80  23.20  24.60  26.20  27.70  29.20  30.50   
790  20.40  21.80  23.30  24.70  26.20  27.80  29.20  30.60   
800  20.50  21.90  23.30  24.70  26.30  27.80  29.30  30.60   
810  20.50  21.90  23.40  24.80  26.30  27.90  29.40  30.70   
820  20.50  21.90  23.40  24.80  26.40  28.00  29.40  30.80   
830  20.50  22.00  23.50  24.90  26.50  28.00  29.50  30.90   
840  20.60  22.00  23.50  24.90  26.50  28.10  29.60  31.00   
850  20.60  22.00  23.50  25.00  26.60  28.20  29.70  31.00   
860  20.60  22.10  23.60  25.00  26.60  28.20  29.70  31.10   
870  20.70  22.10  23.60  25.10  26.70  28.30  29.80  31.20   
880  20.70  22.10  23.70  25.10  26.70  28.30  29.90  31.20   
890  20.70  22.20  23.70  25.10  26.80  28.40  29.90  31.30   
900  20.70  22.20  23.70  25.20  26.80  28.40  30.00  31.40   
910  20.80  22.20  23.80  25.30  26.90  28.50  30.00  31.40   
920  20.80  22.30  23.80  25.30  26.90  28.60  30.10  31.50   
930  20.80  22.30  23.90  25.30  27.00  28.60  30.20  31.60   
940  20.80  22.30  23.90  25.40  27.00  28.70  30.20  31.60   
950  20.90  22.40  23.90  25.40  27.10  28.70  30.30  31.70   
960  20.90  22.40  24.00  25.50  27.10  28.80  30.30  31.80   
970  20.90  22.40  24.00  25.50  27.20  28.80  30.40  31.80   
980  20.90  22.40  24.00  25.50  27.20  28.90  30.40  31.90   
990  20.90  22.50  24.10  25.60  27.30  28.90  30.50  31.90   
1000  21.00  22.50  24.10  25.60  27.30  29.00  30.50  32.00   
1010  21.00  22.50  24.10  25.70  27.30  29.00  30.60  32.10   
1020  21.00  22.50  24.20  25.70  27.40  29.10  30.60  32.10   
1030  21.00  22.60  24.20  25.70  27.40  29.10  30.70  32.20   
1040  21.00  22.60  24.20  25.70  27.50  29.10  30.70  32.20   
1050  21.00  22.60  24.20  25.80  27.50  29.20  30.80  32.30   
1060  21.10  22.60  24.30  25.80  27.50  29.20  30.80  32.30   
1070  21.10  22.70  24.30  25.90  27.60  29.30  30.90  32.40   
1080  21.10  22.70  24.30  25.90  27.60  29.30  30.90  32.40   
1090  21.10  22.70  24.40  25.90  27.70  29.40  31.00  32.50   
1100  21.10  22.70  24.40  26.00  27.70  29.40  31.00  32.50   
1110  21.20  22.80  24.40  26.00  27.70  29.40  31.00  32.50   
1120  21.20  22.80  24.40  26.00  27.80  29.50  31.10  32.60   
1130  21.20  22.80  24.50  26.00  27.80  29.50  31.10  32.60   
1140  21.20  22.80  24.50  26.10  27.80  29.50  31.20  32.70   
1150  21.20  22.80  24.50  26.10  27.90  29.60  31.20  32.70   
1160  21.30  22.90  24.60  26.10  27.90  29.60  31.30  32.80   
1170  21.30  22.90  24.60  26.20  27.90  29.70  31.30  32.80   
1180  21.30  22.90  24.60  26.20  28.00  29.70  31.30  32.90   
1190  21.30  22.90  24.60  26.20  28.00  29.70  31.40  32.90   
1200  21.30  22.90  24.60  26.20  28.00  29.80  31.40  32.90   
1210  21.30  23.00  24.70  26.30  28.10  29.80  31.40  33.00   
1220  21.40  23.00  24.70  26.30  28.10  29.80  31.50  33.00   
1230  21.40  23.00  24.70  26.30  28.10  29.90  31.50  33.10   
1240  21.40  23.00  24.70  26.40  28.10  29.90  31.50  33.10   
1250  21.40  23.00  24.80  26.40  28.20  29.90  31.60  33.10   
1260  21.40  23.10  24.80  26.40  28.20  29.90  31.60  33.20   
1270  21.40  23.10  24.80  26.40  28.20  30.00  31.60  33.20   
1280  21.50  23.10  24.80  26.50  28.20  30.00  31.70  33.20   
1290  21.50  23.10  24.90  26.50  28.30  30.00  31.70  33.30   
1300  21.50  23.10  24.90  26.50  28.30  30.10  31.70  33.30   
1310  21.50  23.20  24.90  26.50  28.30  30.10  31.80  33.40   
1320  21.50  23.20  24.90  26.60  28.40  30.10  31.80  33.40   
1330  21.50  23.20  24.90  26.60  28.40  30.20  31.80  33.40   
1340  21.50  23.20  25.00  26.60  28.40  30.20  31.90  33.40   
1350  21.50  23.20  25.00  26.60  28.40  30.20  31.90  33.50   
1360  21.50  23.20  25.00  26.60  28.50  30.20  31.90  33.50   
1370  21.50  23.20  25.00  26.70  28.50  30.30  31.90  33.50   
1380  21.60  23.20  25.00  26.70  28.50  30.30  32.00  33.60   
1390  21.60  23.20  25.00  26.70  28.50  30.30  32.00  33.60   
1400  21.60  23.30  25.00  26.70  28.50  30.30  32.00  33.60   
1410  21.60  23.30  25.10  26.70  28.60  30.40  32.00  33.70   
1420  21.60  23.30  25.10  26.80  28.60  30.40  32.10  33.70   
1430  21.60  23.30  25.10  26.80  28.60  30.40  32.10  33.70   
1440  21.60  23.30  25.10  26.80  28.60  30.40  32.10  33.70   
1450  21.60  23.30  25.10  26.80  28.60  30.40  32.20  33.80   
1460  21.60  23.30  25.10  26.80  28.60  30.50  32.20  33.80   
1470  21.60  23.30  25.10  26.80  28.70  30.50  32.20  33.80   
1480  21.60  23.30  25.10  26.80  28.70  30.50  32.20  33.80   
1490  21.60  23.30  25.20  26.90  28.70  30.50  32.20  33.90   
1500  21.60  23.40  25.20  26.90  28.70  30.50  32.20  33.90   
1510  21.60  23.40  25.20  26.90  28.70  30.50  32.30  33.90   
1520  21.70  23.40  25.20  26.90  28.80  30.60  32.30  33.90   
1530  21.70  23.40  25.20  26.90  28.80  30.60  32.30  34.00   
1540  21.70  23.40  25.20  26.90  28.80  30.60  32.30  34.00   
1550  21.70  23.40  25.20  26.90  28.80  30.60  32.40  34.00   
1560  21.70  23.40  25.20  27.00  28.80  30.60  32.40  34.00   
1570  21.70  23.40  25.30  27.00  28.80  30.70  32.40  34.00   
1580  21.70  23.40  25.30  27.00  28.80  30.70  32.40  34.10   
1590  21.70  23.40  25.30  27.00  28.90  30.70  32.40  34.10   
1600  21.70  23.40  25.30  27.00  28.90  30.70  32.40  34.10   
1610  21.70  23.50  25.30  27.00  28.90  30.70  32.50  34.10   
1620  21.70  23.50  25.30  27.00  28.90  30.70  32.50  34.20   
1630  21.70  23.50  25.30  27.00  28.90  30.80  32.50  34.20   
1640  21.70  23.50  25.30  27.00  28.90  30.80  32.50  34.20   
1650  21.70  23.50  25.30  27.10  29.00  30.80  32.50  34.20   
1660  21.70  23.50  25.30  27.00  28.90  30.80  32.50  34.20   
1670  21.80  23.50  25.30  27.10  29.00  30.80  32.60  34.20   
1680  21.80  23.50  25.40  27.10  29.00  30.80  32.60  34.30   
1690  21.80  23.50  25.40  27.10  29.00  30.80  32.60  34.30   
1700  21.80  23.50  25.40  27.10  29.00  30.80  32.60  34.30   
1710  21.80  23.50  25.40  27.10  29.00  30.80  32.60  34.30   
1720  21.80  23.50  25.40  27.10  29.00  30.90  32.60  34.30   
1730  21.80  23.50  25.40  27.10  29.00  30.90  32.60  34.30   
1740  21.80  23.50  25.40  27.10  29.00  30.90  32.60  34.30   
1750  21.80  23.50  25.40  27.10  29.10  30.90  32.70  34.40   
1760  21.80  23.50  25.40  27.20  29.10  30.90  32.70  34.40   
1770  21.80  23.60  25.40  27.20  29.10  30.90  32.70  34.40   
1780  21.80  23.60  25.40  27.20  29.10  30.90  32.70  34.40   
1790  21.80  23.60  25.40  27.20  29.10  31.00  32.70  34.40   
1800  21.80  23.60  25.40  27.20  29.10  31.00  32.70  34.40   
1810  21.80  23.60  25.40  27.20  29.10  31.00  32.70  34.40   
1820  21.80  23.60  25.50  27.20  29.10  31.00  32.80  34.50   
1830  21.80  23.60  25.50  27.20  29.10  31.00  32.80  34.50   
1840  21.80  23.60  25.50  27.20  29.10  31.00  32.80  34.50   
1850  21.90  23.60  25.50  27.30  29.20  31.00  32.80  34.50   
1860  21.80  23.60  25.50  27.20  29.20  31.00  32.80  34.50   
1870  21.80  23.60  25.50  27.30  29.20  31.00  32.80  34.50   
1880  21.90  23.60  25.50  27.30  29.20  31.10  32.80  34.50   
1890  21.80  23.60  25.50  27.30  29.20  31.00  32.80  34.50   
1900  21.90  23.60  25.50  27.30  29.20  31.10  32.90  34.60   
1910  21.80  23.60  25.50  27.30  29.20  31.10  32.90  34.60   
1920  21.90  23.60  25.50  27.30  29.20  31.10  32.90  34.60   
1930  21.90  23.60  25.50  27.30  29.20  31.10  32.90  34.60   
1940  21.90  23.70  25.50  27.30  29.20  31.10  32.90  34.60   
1950  21.90  23.60  25.50  27.30  29.20  31.10  32.90  34.60   
1960  21.90  23.70  25.60  27.30  29.20  31.10  32.90  34.60   
1970  21.90  23.70  25.60  27.30  29.20  31.10  32.90  34.60   
1980  21.90  23.70  25.60  27.30  29.30  31.10  32.90  34.60   
1990  21.90  23.70  25.60  27.30  29.30  31.10  32.90  34.70   
2000  21.90  23.70  25.60  27.40  29.30  31.20  33.00  34.70   
2010  21.90  23.70  25.60  27.40  29.30  31.20  32.90  34.70   
2020  21.90  23.70  25.60  27.40  29.30  31.20  33.00  34.70   
2030  21.90  23.70  25.60  27.40  29.30  31.20  33.00  34.70   
2040  21.90  23.70  25.60  27.40  29.30  31.20  33.00  34.70   
2050  21.90  23.70  25.60  27.40  29.30  31.20  33.00  34.70   
2060  21.90  23.70  25.60  27.40  29.30  31.20  33.00  34.70   
2070  21.90  23.70  25.60  27.40  29.30  31.20  33.00  34.70   
2080  21.90  23.70  25.60  27.40  29.30  31.20  33.00  34.80   
2090  21.90  23.70  25.60  27.40  29.30  31.20  33.00  34.70   
2100  21.90  23.70  25.60  27.40  29.30  31.20  33.00  34.80   
2110  21.90  23.70  25.60  27.40  29.30  31.20  33.00  34.80   
2120  21.90  23.70  25.60  27.40  29.40  31.20  33.00  34.80   
2130  21.90  23.70  25.60  27.40  29.40  31.20  33.10  34.80   
2140  21.90  23.70  25.60  27.40  29.40  31.20  33.10  34.80   
2150  21.90  23.70  25.60  27.40  29.40  31.30  33.10  34.80   
2160  21.90  23.70  25.60  27.40  29.40  31.30  33.10  34.80   
2170  21.90  23.70  25.60  27.40  29.40  31.30  33.10  34.80   
2180  21.90  23.70  25.70  27.50  29.40  31.30  33.10  34.80   
2190  21.90  23.70  25.60  27.40  29.40  31.30  33.10  34.80   
2200  21.90  23.70  25.70  27.40  29.40  31.30  33.10  34.80   
2210  21.90  23.70  25.70  27.50  29.40  31.30  33.10  34.90   
2220  21.90  23.70  25.70  27.50  29.40  31.30  33.10  34.90   
2230  21.90  23.70  25.70  27.50  29.40  31.30  33.10  34.90   
2240  21.90  23.70  25.70  27.50  29.40  31.30  33.10  34.90   
2250  21.90  23.70  25.70  27.50  29.40  31.30  33.10  34.90   
2260  21.90  23.70  25.70  27.50  29.40  31.30  33.10  34.90   
2270  21.90  23.80  25.70  27.50  29.40  31.30  33.10  34.90   
2280  22.00  23.80  25.70  27.50  29.40  31.30  33.20  34.90   
2290  22.00  23.80  25.70  27.50  29.40  31.30  33.20  34.90   
2300  22.00  23.80  25.70  27.50  29.50  31.30  33.20  34.90   
2310  22.00  23.80  25.70  27.50  29.40  31.30  33.20  34.90   
2320  22.00  23.80  25.70  27.50  29.50  31.40  33.20  34.90   
2330  22.00  23.80  25.70  27.50  29.50  31.40  33.20  34.90   
2340  22.00  23.80  25.70  27.50  29.50  31.40  33.20  35.00   
2350  22.00  23.80  25.70  27.50  29.50  31.40  33.20  35.00   
2360  22.00  23.80  25.70  27.50  29.50  31.40  33.20  35.00   
2370  22.00  23.80  25.70  27.50  29.50  31.40  33.20  35.00   
2380  22.00  23.80  25.70  27.50  29.50  31.40  33.20  35.00   
2390  22.00  23.80  25.70  27.50  29.50  31.40  33.20  35.00   
2400  22.00  23.80  25.70  27.50  29.50  31.40  33.20  35.00   
2410  22.00  23.80  25.70  27.50  29.50  31.40  33.20  35.00   
2420  22.00  23.80  25.70  27.50  29.50  31.40  33.20  35.00   
2430  22.00  23.80  25.70  27.50  29.50  31.40  33.20  35.00   
2440  22.00  23.80  25.70  27.60  29.50  31.40  33.30  35.00   
2450  22.00  23.80  25.70  27.50  29.50  31.40  33.20  35.00   
2460  22.00  23.80  25.80  27.60  29.50  31.40  33.30  35.00   
2470  22.00  23.80  25.70  27.60  29.50  31.40  33.20  35.00   
2480  22.00  23.80  25.80  27.60  29.50  31.40  33.30  35.00   
2490  22.00  23.80  25.80  27.60  29.50  31.40  33.30  35.00   
2500  22.00  23.80  25.80  27.60  29.50  31.40  33.30  35.00   
2510  22.00  23.80  25.80  27.60  29.50  31.40  33.30  35.00   
2520  22.00  23.80  25.80  27.60  29.50  31.40  33.30  35.10   
2530  22.00  23.80  25.80  27.60  29.50  31.40  33.30  35.10   
2540  22.00  23.80  25.80  27.60  29.50  31.40  33.30  35.10   
2550  22.00  23.80  25.80  27.60  29.60  31.50  33.30  35.10   
2560  22.00  23.80  25.80  27.60  29.60  31.50  33.30  35.10   
2570  22.00  23.80  25.80  27.60  29.60  31.50  33.30  35.10   
2580  22.00  23.80  25.80  27.60  29.60  31.50  33.30  35.10   
2590  22.00  23.80  25.80  27.60  29.60  31.50  33.30  35.10   
2600  22.00  23.80  25.80  27.60  29.60  31.50  33.30  35.10   
2610  22.00  23.80  25.80  27.60  29.60  31.50  33.30  35.10   
2620  22.00  23.80  25.80  27.60  29.60  31.50  33.30  35.10   
2630  22.00  23.90  25.80  27.60  29.60  31.50  33.30  35.10   
2640  22.00  23.80  25.80  27.60  29.60  31.50  33.30  35.10   
2650  22.00  23.90  25.80  27.60  29.60  31.50  33.30  35.10   
2660  22.00  23.90  25.80  27.60  29.60  31.50  33.30  35.10   
2670  22.00  23.90  25.80  27.60  29.60  31.50  33.30  35.10   
2680  22.00  23.90  25.80  27.60  29.60  31.50  33.30  35.10   
2690  22.10  23.90  25.80  27.60  29.60  31.50  33.30  35.10   
2700  22.10  23.90  25.80  27.60  29.60  31.50  33.40  35.10   
2710  22.00  23.90  25.80  27.60  29.60  31.50  33.30  35.10   
2720  22.00  23.90  25.80  27.60  29.60  31.50  33.40  35.10   
2730  22.00  23.90  25.80  27.60  29.60  31.50  33.30  35.10   
2740  22.00  23.90  25.80  27.60  29.60  31.50  33.40  35.10   
2750  22.00  23.90  25.80  27.60  29.60  31.50  33.40  35.20   
2760  22.00  23.90  25.80  27.60  29.60  31.50  33.40  35.20   
2770  22.10  23.90  25.80  27.70  29.60  31.50  33.40  35.20   
2780  22.10  23.90  25.80  27.60  29.60  31.50  33.40  35.20   
2790  22.10  23.90  25.80  27.60  29.60  31.50  33.40  35.20   
2800  22.10  23.90  25.80  27.70  29.60  31.50  33.40  35.20   
2810  22.10  23.90  25.80  27.70  29.60  31.50  33.40  35.20   
2820  22.10  23.90  25.80  27.70  29.60  31.50  33.40  35.20   
2830  22.10  23.90  25.80  27.70  29.60  31.50  33.40  35.20   
2840  22.10  23.90  25.90  27.70  29.60  31.50  33.40  35.20   
2850  22.10  23.90  25.90  27.70  29.60  31.60  33.40  35.20   
2860  22.10  23.90  25.90  27.70  29.60  31.60  33.40  35.20   
2870  22.10  23.90  25.80  27.70  29.70  31.60  33.40  35.20   
2880  22.10  23.90  25.90  27.70  29.70  31.60  33.40  35.20   
2890  22.10  23.90  25.90  27.70  29.70  31.60  33.40  35.20   
2900  22.10  23.90  25.90  27.70  29.70  31.60  33.40  35.20   
2910  22.10  23.90  25.90  27.70  29.70  31.60  33.40  35.20   
2920  22.10  23.90  25.90  27.70  29.70  31.60  33.40  35.20   
2930  22.10  23.90  25.90  27.70  29.70  31.60  33.40  35.20   
2940  22.10  23.90  25.90  27.70  29.70  31.60  33.40  35.20   
2950  22.10  23.90  25.90  27.70  29.70  31.60  33.40  35.20   
2960  22.10  23.90  25.90  27.70  29.70  31.60  33.40  35.20   
2970  22.10  23.90  25.90  27.70  29.70  31.60  33.40  35.20   
2980  22.10  24.00  25.90  27.70  29.70  31.60  33.50  35.20   
2990  22.10  23.90  25.90  27.70  29.70  31.60  33.50  35.20   
3000  22.10  23.90  25.90  27.70  29.70  31.60  33.50  35.20   
3010  22.10  23.90  25.90  27.70  29.70  31.60  33.50  35.20   
3020  22.10  24.00  25.90  27.70  29.70  31.60  33.50  35.30   
3030  22.10  24.00  25.90  27.70  29.70  31.60  33.50  35.30   
3040  22.10  23.90  25.90  27.70  29.70  31.60  33.50  35.30   
3050  22.10  24.00  25.90  27.70  29.70  31.60  33.50  35.30   
3060  22.10  23.90  25.90  27.70  29.70  31.60  33.50  35.30   
3070  22.10  23.90  25.90  27.70  29.70  31.60  33.50  35.30   
3080  22.10  23.90  25.90  27.70  29.70  31.60  33.50  35.30   
3090  22.10  24.00  25.90  27.80  29.70  31.60  33.50  35.30   
3100  22.10  24.00  25.90  27.70  29.70  31.60  33.50  35.30   
3110  22.10  23.90  25.90  27.70  29.70  31.60  33.50  35.30   
3120  22.10  23.90  25.90  27.70  29.70  31.60  33.50  35.30   
3130  22.10  24.00  25.90  27.70  29.70  31.60  33.50  35.30   
3140  22.10  24.00  25.90  27.80  29.70  31.60  33.50  35.30   
3150  22.10  24.00  25.90  27.80  29.70  31.70  33.50  35.30   
3160  22.20  24.00  25.90  27.80  29.70  31.60  33.50  35.30   
3170  22.10  24.00  25.90  27.80  29.70  31.60  33.50  35.30   
3180  22.20  24.00  25.90  27.80  29.70  31.70  33.50  35.30   
3190  22.10  24.00  25.90  27.80  29.70  31.70  33.50  35.30   
3200  22.10  24.00  25.90  27.80  29.70  31.70  33.50  35.30   
3210  22.10  24.00  25.90  27.80  29.70  31.70  33.50  35.30   
3220  22.10  24.00  25.90  27.80  29.70  31.70  33.50  35.30   
3230  22.10  24.00  25.90  27.80  29.70  31.70  33.50  35.30   
3240  22.10  24.00  25.90  27.80  29.80  31.70  33.50  35.30   
3250  22.10  24.00  25.90  27.80  29.70  31.70  33.50  35.30   
3260  22.10  24.00  25.90  27.80  29.70  31.70  33.50  35.30   
3270  22.10  24.00  25.90  27.80  29.80  31.70  33.50  35.30   
3280  22.10  24.00  25.90  27.80  29.70  31.70  33.50  35.30   
3290  22.10  24.00  25.90  27.80  29.80  31.70  33.50  35.30   
3300  22.10  24.00  25.90  27.80  29.80  31.70  33.50  35.30   
3310  22.20  24.00  25.90  27.80  29.80  31.70  33.50  35.30   
3320  22.20  24.00  25.90  27.80  29.80  31.70  33.50  35.30   
3330  22.20  24.00  25.90  27.80  29.80  31.70  33.50  35.30   
3340  22.20  24.00  26.00  27.80  29.80  31.70  33.50  35.30   
3350  22.10  24.00  25.90  27.80  29.80  31.70  33.50  35.40   
3360  22.10  24.00  26.00  27.80  29.80  31.70  33.50  35.30   
3370  22.10  24.00  25.90  27.80  29.80  31.70  33.50  35.30   
3380  22.10  24.00  25.90  27.80  29.80  31.70  33.50  35.30   
3390  22.10  24.00  25.90  27.80  29.80  31.70  33.50  35.30   
3400  22.10  24.00  25.90  27.80  29.80  31.70  33.50  35.40   
3410  22.10  24.00  25.90  27.80  29.80  31.70  33.60  35.40   
3420  22.10  24.00  25.90  27.80  29.80  31.70  33.60  35.40   
3430  22.10  24.00  25.90  27.80  29.80  31.70  33.60  35.40   
3440  22.10  24.00  25.90  27.80  29.80  31.70  33.50  35.40   
3450  22.10  24.00  25.90  27.80  29.80  31.70  33.60  35.40   
3460  22.10  24.00  25.90  27.80  29.80  31.70  33.50  35.40   
3470  22.10  24.00  25.90  27.80  29.80  31.70  33.60  35.40   
3480  22.10  24.00  25.90  27.80  29.80  31.70  33.50  35.40   
3490  22.10  24.00  25.90  27.80  29.80  31.70  33.50  35.40   
3500  22.10  24.00  25.90  27.80  29.80  31.70  33.60  35.40   
3510  22.10  24.00  25.90  27.80  29.80  31.70  33.60  35.40   
3520  22.10  24.00  26.00  27.80  29.80  31.70  33.50  35.40   
3530  22.10  24.00  25.90  27.80  29.80  31.70  33.60  35.40   
3540  22.10  24.00  25.90  27.80  29.80  31.70  33.60  35.40   
3550  22.10  24.00  25.90  27.80  29.80  31.70  33.60  35.40   
3560  22.10  24.00  25.90  27.80  29.80  31.70  33.60  35.40   
3570  22.10  24.00  25.90  27.80  29.80  31.70  33.60  35.40   
3580  22.10  24.00  25.90  27.80  29.80  31.70  33.60  35.40   
3590  22.10  24.00  25.90  27.80  29.80  31.70  33.60  35.40   
3600  22.10  24.00  25.90  27.80  29.80  31.70  33.60  35.40   
3610  22.10  24.00  25.90  27.80  29.80  31.70  33.60  35.40   
3620  22.10  24.00  25.90  27.80  29.80  31.70  33.60  35.40   
3630  22.10  24.00  25.90  27.80  29.80  31.70  33.60  35.40   
3640  22.10  24.00  25.90  27.80  29.80  31.70  33.60  35.40   
3650  22.10  24.00  25.90  27.80  29.80  31.70  33.60  35.40   
3660  22.10  24.00  26.00  27.80  29.80  31.70  33.60  35.40   
3670  22.10  24.00  25.90  27.80  29.80  31.70  33.60  35.40   
3680  22.10  24.00  25.90  27.80  29.80  31.70  33.60  35.40   
3690  22.10  24.00  26.00  27.80  29.80  31.70  33.60  35.40   
3700  22.10  24.00  25.90  27.80  29.80  31.70  33.60  35.40   
3710  22.10  24.00  25.90  27.80  29.80  31.70  33.60  35.40   
3720  22.10  23.90  25.90  27.80  29.80  31.70  33.60  35.40   
3730  22.10  23.90  25.90  27.80  29.80  31.70  33.60  35.40   
3740  22.10  24.00  25.90  27.80  29.80  31.70  33.60  35.40   
3750  22.10  23.90  25.90  27.80  29.80  31.70  33.60  35.40   
3760  22.10  23.90  25.90  27.80  29.80  31.70  33.60  35.40   
3770  22.10  23.90  25.90  27.80  29.80  31.70  33.60  35.40   
3780  22.10  23.90  25.90  27.80  29.80  31.70  33.50  35.40   
3790  22.10  23.90  25.90  27.80  29.80  31.70  33.60  35.40   
3800  22.10  23.90  25.90  27.80  29.80  31.70  33.60  35.40   
3810  22.10  24.00  25.90  27.80  29.80  31.70  33.60  35.40   
3820  22.10  24.00  25.90  27.80  29.80  31.70  33.60  35.40   
3830  22.10  23.90  25.90  27.80  29.80  31.70  33.60  35.40   
3840  22.10  23.90  25.90  27.80  29.80  31.70  33.50  35.40   
3850  22.10  24.00  25.90  27.80  29.80  31.70  33.50  35.40   
3860  22.10  23.90  25.90  27.80  29.80  31.70  33.60  35.40   
3870  22.10  23.90  25.90  27.80  29.80  31.70  33.50  35.40   
3880  22.10  23.90  25.90  27.80  29.80  31.70  33.60  35.40   
3890  22.10  23.90  25.90  27.80  29.80  31.70  33.60  35.40   
3900  22.10  23.90  25.90  27.80  29.70  31.70  33.50  35.40   
3910  22.10  23.90  25.90  27.80  29.70  31.70  33.60  35.40   
3920  22.10  23.90  25.90  27.80  29.80  31.70  33.60  35.40   
3930  22.10  23.90  25.90  27.80  29.70  31.70  33.50  35.40   
3940  22.10  23.90  25.90  27.80  29.80  31.70  33.60  35.40   
3950  22.10  23.90  25.90  27.80  29.80  31.70  33.60  35.40   
3960  22.10  23.90  25.90  27.70  29.80  31.70  33.50  35.40   
3970  22.10  23.90  25.90  27.80  29.80  31.70  33.60  35.40   
3980  22.10  23.90  25.90  27.80  29.70  31.70  33.60  35.40   
3990  22.10  24.00  25.90  27.80  29.80  31.70  33.60  35.40   
4000  22.10  23.90  25.90  27.80  29.80  31.70  33.50  35.40   
4010  22.10  23.90  25.90  27.80  29.80  31.70  33.50  35.40   
4020  22.10  23.90  25.90  27.80  29.80  31.70  33.50  35.40   
4030  22.10  23.90  25.90  27.80  29.80  31.70  33.50  35.40   
4040  22.10  23.90  25.90  27.80  29.80  31.70  33.60  35.40   
4050  22.10  23.90  25.90  27.80  29.80  31.70  33.60  35.40   
4060  22.10  23.90  25.90  27.80  29.80  31.70  33.60  35.40   
4070  22.10  23.90  25.90  27.80  29.80  31.70  33.50  35.40   
4080  22.10  23.90  25.90  27.70  29.70  31.70  33.50  35.40   
4090  22.10  23.90  25.90  27.80  29.80  31.70  33.50  35.40   
4100  22.10  23.90  25.90  27.80  29.80  31.70  33.50  35.40   
4110  22.10  23.90  25.90  27.80  29.80  31.70  33.50  35.40   
4120  22.10  24.00  25.90  27.80  29.80  31.70  33.60  35.40   
4130  22.10  24.00  25.90  27.80  29.80  31.70  33.60  35.40   
4140  22.10  24.00  25.90  27.80  29.80  31.70  33.60  35.40   
4150  22.10  24.00  25.90  27.80  29.80  31.70  33.60  35.40   
4160  22.10  24.00  25.90  27.80  29.80  31.70  33.60  35.40   
4170  22.10  24.00  25.90  27.80  29.80  31.70  33.60  35.40   
4180  22.10  24.00  25.90  27.80  29.80  31.70  33.60  35.40   
4190  22.10  24.00  25.90  27.80  29.80  31.70  33.60  35.40   
4200  22.10  24.00  25.90  27.80  29.80  31.70  33.60  35.40   
4210  22.10  24.00  25.90  27.80  29.80  31.70  33.60  35.40   
4220  22.10  23.90  25.90  27.80  29.80  31.70  33.60  35.40   
4230  22.10  23.90  25.90  27.80  29.80  31.70  33.60  35.40   
4240  22.10  23.90  25.90  27.80  29.80  31.70  33.60  35.40   
4250  22.10  23.90  25.90  27.80  29.80  31.70  33.60  35.40   
4260  22.10  24.00  25.90  27.80  29.80  31.70  33.60  35.40   
4270  22.10  23.90  25.90  27.80  29.80  31.70  33.60  35.40   
4280  22.10  24.00  25.90  27.80  29.80  31.70  33.60  35.40   
4290  22.10  23.90  25.90  27.80  29.80  31.70  33.60  35.40   
4300  22.10  23.90  25.90  27.80  29.80  31.70  33.60  35.40   
4310  22.10  24.00  25.90  27.80  29.80  31.70  33.60  35.40   
4320  22.10  23.90  25.90  27.80  29.80  31.70  33.60  35.40   
4330  22.10  23.90  25.90  27.80  29.80  31.70  33.60  35.40   
4340  22.10  23.90  25.90  27.80  29.80  31.70  33.60  35.40   
4350  22.10  23.90  25.90  27.80  29.80  31.70  33.60  35.40   
4360  22.10  23.90  25.90  27.80  29.80  31.70  33.60  35.40   
4370  22.10  23.90  25.90  27.80  29.80  31.70  33.60  35.40   
4380  22.10  23.90  25.90  27.80  29.80  31.70  33.60  35.40   
4390  22.10  23.90  25.90  27.80  29.80  31.70  33.60  35.40   
4400  22.10  23.90  25.90  27.80  29.80  31.70  33.60  35.40   
4410  22.10  23.90  25.90  27.80  29.80  31.70  33.60  35.40   
4420  22.10  23.90  25.90  27.80  29.80  31.70  33.60  35.40   
4430  22.10  23.90  25.90  27.80  29.80  31.70  33.60  35.40   
4440  22.10  24.00  25.90  27.80  29.80  31.70  33.60  35.40   
4450  22.10  24.00  25.90  27.80  29.80  31.70  33.60  35.40   
4460  22.10  23.90  25.90  27.80  29.80  31.70  33.60  35.40   
4470  22.10  23.90  25.90  27.80  29.80  31.70  33.60  35.40   
4480  22.10  23.90  25.90  27.80  29.80  31.70  33.60  35.40   
4490  22.10  23.90  25.90  27.80  29.80  31.70  33.60  35.40   
4500  22.10  23.90  25.90  27.80  29.80  31.70  33.60  35.40   
4510  22.10  23.90  25.90  27.80  29.80  31.70  33.60  35.40   
4520  22.10  23.90  25.90  27.80  29.80  31.70  33.60  35.40   
4530  22.10  23.90  25.90  27.80  29.80  31.70  33.60  35.40   
4540  22.10  23.90  25.90  27.80  29.80  31.70  33.60  35.40   
4550  22.10  23.90  25.90  27.80  29.70  31.70  33.60  35.40   
4560  22.10  23.90  25.90  27.80  29.80  31.70  33.60  35.40   
4570  22.10  23.90  25.90  27.80  29.80  31.70  33.60  35.40   
4580  22.10  23.90  25.90  27.80  29.80  31.70  33.60  35.40   
4590  22.10  23.90  25.90  27.80  29.80  31.70  33.60  35.40   
4600  22.10  23.90  25.90  27.80  29.80  31.70  33.60  35.40   
4610  22.10  23.90  25.90  27.80  29.70  31.70  33.60  35.40   
4620  22.10  23.90  25.90  27.80  29.70  31.70  33.50  35.40   
4630  22.10  23.90  25.90  27.80  29.80  31.70  33.50  35.40   
4640  22.10  23.90  25.90  27.80  29.70  31.70  33.50  35.40   
4650  22.10  24.00  25.90  27.80  29.80  31.70  33.60  35.40   
4660  22.10  23.90  25.90  27.80  29.80  31.70  33.50  35.40   
4670  22.10  23.90  25.90  27.80  29.80  31.70  33.50  35.40   
4680  22.10  24.00  25.90  27.80  29.80  31.70  33.60  35.40   
4690  22.10  24.00  25.90  27.80  29.70  31.70  33.50  35.40   
4700  22.10  23.90  25.90  27.80  29.80  31.70  33.60  35.40   
4710  22.10  23.90  25.90  27.80  29.80  31.70  33.60  35.40   
4720  22.10  24.00  25.90  27.80  29.80  31.70  33.60  35.40   
4730  22.10  24.00  25.90  27.80  29.80  31.70  33.60  35.40   
4740  22.10  24.00  25.90  27.80  29.80  31.70  33.60  35.40   
4750  22.10  24.00  25.90  27.80  29.80  31.70  33.60  35.40   
4760  22.10  24.00  26.00  27.80  29.80  31.70  33.60  35.40   
4770  22.10  24.00  26.00  27.80  29.80  31.70  33.60  35.40   
4780  22.10  24.00  25.90  27.80  29.80  31.70  33.60  35.40   
4790  22.10  24.00  25.90  27.80  29.80  31.70  33.60  35.40   
4800  22.10  24.00  25.90  27.80  29.80  31.70  33.60  35.40   
4810  22.10  24.00  25.90  27.80  29.80  31.70  33.60  35.40   
4820  22.10  24.00  25.90  27.80  29.80  31.70  33.60  35.40   
4830  22.10  24.00  26.00  27.80  29.80  31.70  33.60  35.40   
4840  22.10  24.00  26.00  27.80  29.80  31.70  33.60  35.40   
4850  22.10  24.00  26.00  27.80  29.80  31.70  33.60  35.40   
4860  22.10  24.00  25.90  27.80  29.80  31.70  33.50  35.40   
4870  22.10  24.00  26.00  27.80  29.80  31.70  33.60  35.40   
4880  22.10  24.00  25.90  27.80  29.80  31.70  33.50  35.40   
4890  22.10  24.00  26.00  27.80  29.80  31.70  33.60  35.40   
4900  22.10  24.00  25.90  27.80  29.80  31.70  33.60  35.40   
4910  22.10  24.00  25.90  27.80  29.80  31.70  33.60  35.40   
4920  22.10  24.00  25.90  27.80  29.80  31.70  33.60  35.40   
4930  22.10  24.00  25.90  27.80  29.80  31.70  33.60  35.40   
4940  22.10  24.00  25.90  27.80  29.80  31.70  33.60  35.40   
4950  22.10  24.00  25.90  27.80  29.80  31.70  33.60  35.40   
4960  22.10  24.00  25.90  27.80  29.80  31.70  33.60  35.40   
4970  22.10  24.00  25.90  27.80  29.80  31.70  33.60  35.40   
4980  22.10  24.00  25.90  27.80  29.80  31.70  33.60  35.40   
4990  22.10  24.00  26.00  27.80  29.80  31.70  33.60  35.40   
5000  22.10  23.90  25.90  27.80  29.80  31.70  33.60  35.40   
5010  22.10  23.90  25.90  27.80  29.80  31.70  33.60  35.40   
5020  22.10  23.90  25.90  27.80  29.80  31.70  33.60  35.40   
5030  22.10  23.90  25.90  27.80  29.80  31.70  33.60  35.40   
5040  22.10  23.90  25.90  27.80  29.80  31.70  33.60  35.40   
5050  22.10  23.90  25.90  27.70  29.80  31.70  33.50  35.40   
5060  22.10  23.90  25.90  27.70  29.80  31.70  33.60  35.40   
5070  22.00  23.90  25.90  27.70  29.70  31.70  33.60  35.40   
5080  22.00  23.90  25.90  27.70  29.70  31.70  33.50  35.40   
5090  22.00  23.90  25.90  27.70  29.70  31.70  33.50  35.40   
5100  22.00  23.90  25.90  27.70  29.70  31.70  33.50  35.40   
5110  22.00  23.90  25.90  27.70  29.70  31.70  33.50  35.40   
5120  22.00  23.90  25.90  27.70  29.70  31.70  33.50  35.40   
5130  22.00  23.90  25.90  27.70  29.70  31.70  33.50  35.40   
5140  22.00  23.90  25.90  27.70  29.70  31.70  33.50  35.40   
5150  22.00  23.90  25.90  27.70  29.70  31.70  33.50  35.40   
5160  22.00  23.90  25.90  27.70  29.70  31.70  33.50  35.40   
5170  22.00  23.90  25.90  27.70  29.70  31.70  33.50  35.40   
5180  22.00  23.80  25.80  27.70  29.70  31.60  33.50  35.40   
5190  22.00  23.80  25.80  27.70  29.70  31.60  33.50  35.40   
5200  22.00  23.80  25.90  27.70  29.70  31.70  33.50  35.40   
5210  22.00  23.90  25.90  27.70  29.70  31.60  33.50  35.40   
5220  22.00  23.80  25.90  27.70  29.70  31.60  33.50  35.40   
5230  22.00  23.90  25.80  27.70  29.70  31.60  33.50  35.40   
5240  22.00  23.90  25.80  27.70  29.70  31.60  33.50  35.40   
5250  22.00  23.90  25.90  27.70  29.70  31.60  33.50  35.40   
5260  22.00  23.90  25.80  27.70  29.70  31.60  33.50  35.40   
5270  22.00  23.80  25.80  27.70  29.70  31.60  33.50  35.40   
5280  22.00  23.80  25.80  27.70  29.70  31.60  33.50  35.30   
5290  22.00  23.80  25.80  27.70  29.70  31.60  33.50  35.30   
5300  22.00  23.80  25.80  27.70  29.70  31.60  33.50  35.30   
5310  22.00  23.80  25.80  27.70  29.70  31.60  33.50  35.40   
5320  22.00  23.80  25.80  27.70  29.70  31.60  33.50  35.30   
5330  22.00  23.80  25.80  27.70  29.70  31.60  33.50  35.30   
5340  22.00  23.80  25.80  27.70  29.70  31.60  33.50  35.30   
5350  22.00  23.80  25.80  27.70  29.70  31.60  33.50  35.30   
5360  22.00  23.80  25.80  27.70  29.70  31.60  33.50  35.30   
5370  22.00  23.80  25.80  27.70  29.70  31.60  33.50  35.30   
5380  22.00  23.80  25.80  27.70  29.70  31.60  33.50  35.30   
5390  22.00  23.80  25.80  27.70  29.70  31.60  33.50  35.30   
5400  22.00  23.80  25.80  27.70  29.70  31.60  33.50  35.30   
5410  22.00  23.80  25.80  27.70  29.70  31.60  33.50  35.30   
5420  22.00  23.80  25.80  27.70  29.70  31.60  33.50  35.30   
5430  22.00  23.80  25.80  27.70  29.70  31.60  33.50  35.30   
5440  22.00  23.80  25.80  27.70  29.70  31.60  33.50  35.30   
5450  22.00  23.80  25.80  27.70  29.70  31.60  33.50  35.30   
5460  22.00  23.80  25.80  27.70  29.70  31.60  33.50  35.30   
5470  22.00  23.80  25.80  27.70  29.70  31.60  33.50  35.30   
5480  22.00  23.80  25.80  27.70  29.70  31.60  33.50  35.30   
5490  22.00  23.90  25.80  27.70  29.70  31.60  33.50  35.30   
5500  22.00  23.90  25.80  27.70  29.70  31.60  33.50  35.30   
5510  22.00  23.90  25.80  27.70  29.70  31.60  33.50  35.30   
5520  22.00  23.90  25.90  27.70  29.70  31.60  33.50  35.30   
5530  22.00  23.90  25.90  27.70  29.70  31.60  33.50  35.30   
5540  22.00  23.90  25.80  27.70  29.70  31.60  33.50  35.30   
5550  22.00  23.90  25.80  27.70  29.70  31.60  33.50  35.30   
5560  22.00  23.90  25.80  27.70  29.70  31.60  33.50  35.30   
5570  22.00  23.90  25.80  27.70  29.70  31.60  33.50  35.30   
5580  22.00  23.90  25.90  27.70  29.70  31.60  33.50  35.30   
5590  22.00  23.90  25.80  27.70  29.70  31.60  33.50  35.30   
5600  22.00  23.90  25.80  27.70  29.70  31.60  33.50  35.30   
5610  22.00  23.90  25.90  27.70  29.70  31.60  33.50  35.30   
5620  22.00  23.90  25.90  27.70  29.70  31.60  33.50  35.30   
