Time[s]	CH1[°C]	CH2[°C]	CH3[°C]	CH4[°C]	CH5[°C]	CH6[°C]	CH7[°C]	CH8[°C]
0  17.50  17.80  18.00  18.20  18.40  18.70  18.90  19.20   
10  17.50  17.80  18.00  18.20  18.40  18.70  18.90  19.30   
20  17.50  17.80  18.00  18.20  18.40  18.70  18.90  19.40   
30  17.50  17.80  18.00  18.20  18.50  18.70  19.00  19.50   
40  17.50  17.80  18.00  18.30  18.50  18.80  19.00  19.60   
50  17.50  17.80  18.00  18.30  18.50  18.80  19.10  19.70   
60  17.50  17.80  18.00  18.20  18.50  18.80  19.10  19.80   
70  17.50  17.80  18.00  18.30  18.50  18.80  19.20  20.00   
80  17.50  17.80  18.00  18.30  18.50  18.90  19.30  20.10   
90  17.50  17.80  18.00  18.30  18.50  18.90  19.40  20.20   
100  17.50  17.80  18.00  18.30  18.60  18.90  19.40  20.30   
110  17.50  17.80  18.00  18.30  18.60  19.00  19.50  20.50   
120  17.50  17.80  18.10  18.30  18.60  19.00  19.60  20.60   
130  17.50  17.80  18.10  18.30  18.60  19.10  19.70  20.70   
140  17.50  17.80  18.10  18.30  18.70  19.10  19.80  20.90   
150  17.50  17.80  18.10  18.40  18.70  19.20  19.90  21.00   
160  17.50  17.80  18.10  18.40  18.70  19.20  20.00  21.10   
170  17.50  17.80  18.10  18.40  18.80  19.30  20.00  21.30   
180  17.50  17.80  18.10  18.40  18.80  19.30  20.10  21.40   
190  17.50  17.80  18.10  18.50  18.90  19.40  20.20  21.60   
200  17.50  17.80  18.10  18.50  18.90  19.50  20.30  21.70   
210  17.50  17.80  18.20  18.50  18.90  19.50  20.40  21.80   
220  17.50  17.90  18.20  18.50  19.00  19.60  20.50  22.00   
230  17.50  17.90  18.20  18.60  19.00  19.70  20.60  22.10   
240  17.50  17.90  18.20  18.60  19.10  19.70  20.70  22.30   
250  17.50  17.90  18.20  18.60  19.10  19.80  20.80  22.40   
260  17.50  17.90  18.20  18.70  19.20  19.90  20.90  22.50   
270  17.50  17.90  18.30  18.70  19.20  20.00  21.00  22.70   
280  17.60  17.90  18.30  18.70  19.30  20.00  21.20  22.80   
290  17.60  17.90  18.30  18.80  19.30  20.10  21.30  23.00   
300  17.60  17.90  18.30  18.80  19.40  20.20  21.40  23.10   
310  17.60  18.00  18.40  18.80  19.50  20.30  21.50  23.20   
320  17.60  18.00  18.40  18.90  19.50  20.30  21.60  23.40   
330  17.60  18.00  18.40  18.90  19.60  20.40  21.70  23.50   
340  17.60  18.00  18.40  18.90  19.60  20.50  21.80  23.60   
350  17.60  18.00  18.50  19.00  19.70  20.60  21.90  23.80   
360  17.60  18.00  18.50  19.00  19.80  20.70  22.00  23.90   
370  17.60  18.00  18.50  19.10  19.80  20.70  22.10  24.10   
380  17.70  18.10  18.50  19.10  19.90  20.80  22.20  24.20   
390  17.70  18.10  18.60  19.20  20.00  20.90  22.30  24.30   
400  17.70  18.10  18.60  19.20  20.00  21.00  22.50  24.50   
410  17.70  18.10  18.60  19.30  20.10  21.10  22.60  24.60   
420  17.70  18.20  18.70  19.30  20.10  21.10  22.70  24.70   
430  17.70  18.20  18.70  19.40  20.20  21.30  22.80  24.90   
440  17.80  18.20  18.80  19.40  20.30  21.30  22.90  25.00   
450  17.80  18.20  18.80  19.50  20.40  21.40  23.00  25.10   
460  17.80  18.30  18.80  19.50  20.40  21.50  23.10  25.30   
470  17.80  18.30  18.90  19.60  20.50  21.60  23.20  25.40   
480  17.80  18.30  18.90  19.60  20.60  21.70  23.30  25.50   
490  17.80  18.30  18.90  19.70  20.60  21.80  23.40  25.60   
500  17.90  18.40  19.00  19.70  20.70  21.90  23.50  25.80   
510  17.90  18.40  19.00  19.80  20.80  21.90  23.60  25.90   
520  17.90  18.40  19.10  19.80  20.80  22.00  23.80  26.00   
530  17.90  18.40  19.10  19.90  20.90  22.10  23.90  26.20   
540  17.90  18.50  19.20  19.90  21.00  22.20  24.00  26.30   
550  17.90  18.50  19.20  20.00  21.10  22.30  24.10  26.40   
560  18.00  18.50  19.20  20.10  21.10  22.40  24.20  26.50   
570  18.00  18.60  19.30  20.10  21.20  22.50  24.30  26.70   
580  18.00  18.60  19.30  20.20  21.30  22.50  24.40  26.80   
590  18.00  18.60  19.40  20.20  21.30  22.60  24.50  26.90   
600  18.00  18.60  19.40  20.30  21.40  22.70  24.60  27.00   
610  18.00  18.70  19.40  20.40  21.50  22.80  24.70  27.20   
620  18.10  18.70  19.50  20.40  21.60  22.90  24.80  27.30   
630  18.10  18.70  19.50  20.50  21.60  23.00  24.90  27.40   
640  18.10  18.80  19.60  20.50  21.70  23.10  25.00  27.50   
650  18.10  18.80  19.60  20.60  21.80  23.20  25.10  27.60   
660  18.10  18.80  19.70  20.60  21.90  23.20  25.20  27.70   
670  18.20  18.90  19.70  20.70  21.90  23.30  25.30  27.90   
680  18.20  18.90  19.70  20.80  22.00  23.40  25.50  28.00   
690  18.20  18.90  19.80  20.80  22.10  23.50  25.50  28.10   
700  18.20  19.00  19.90  20.90  22.20  23.60  25.60  28.20   
710  18.30  19.00  19.90  20.90  22.20  23.70  25.80  28.40   
720  18.30  19.00  19.90  21.00  22.30  23.80  25.90  28.50   
730  18.30  19.10  20.00  21.10  22.40  23.80  26.00  28.60   
740  18.40  19.10  20.00  21.10  22.50  23.90  26.10  28.70   
750  18.40  19.10  20.10  21.20  22.50  24.00  26.20  28.80   
760  18.40  19.20  20.10  21.20  22.60  24.10  26.30  28.90   
770  18.40  19.20  20.20  21.30  22.70  24.20  26.40  29.00   
780  18.40  19.20  20.20  21.40  22.70  24.30  26.40  29.20   
790  18.50  19.30  20.30  21.40  22.80  24.40  26.60  29.30   
800  18.50  19.30  20.30  21.50  22.90  24.40  26.70  29.40   
810  18.50  19.30  20.40  21.50  23.00  24.50  26.80  29.50   
820  18.50  19.40  20.40  21.60  23.00  24.60  26.80  29.60   
830  18.60  19.40  20.50  21.60  23.10  24.70  26.90  29.70   
840  18.60  19.40  20.50  21.70  23.20  24.80  27.00  29.80   
850  18.60  19.50  20.60  21.80  23.30  24.90  27.10  29.90   
860  18.60  19.50  20.60  21.80  23.30  25.00  27.20  30.00   
870  18.70  19.60  20.70  21.90  23.40  25.00  27.30  30.10   
880  18.70  19.60  20.70  22.00  23.50  25.10  27.40  30.20   
890  18.70  19.60  20.80  22.00  23.50  25.20  27.50  30.30   
900  18.70  19.70  20.80  22.10  23.60  25.30  27.60  30.50   
910  18.80  19.70  20.90  22.10  23.70  25.40  27.70  30.60   
920  18.80  19.70  20.90  22.20  23.80  25.50  27.80  30.70   
930  18.80  19.80  21.00  22.30  23.80  25.50  27.90  30.80   
940  18.80  19.80  21.00  22.30  23.90  25.60  28.00  30.90   
950  18.90  19.90  21.00  22.40  24.00  25.70  28.10  31.00   
960  18.90  19.90  21.10  22.40  24.10  25.80  28.20  31.10   
970  18.90  19.90  21.10  22.50  24.10  25.90  28.30  31.20   
980  19.00  20.00  21.20  22.50  24.20  25.90  28.40  31.30   
990  19.00  20.00  21.20  22.60  24.30  26.00  28.50  31.40   
1000  19.00  20.00  21.30  22.70  24.30  26.10  28.50  31.50   
1010  19.00  20.10  21.30  22.70  24.40  26.20  28.60  31.60   
1020  19.10  20.10  21.40  22.80  24.50  26.30  28.70  31.70   
1030  19.10  20.20  21.40  22.90  24.60  26.30  28.80  31.80   
1040  19.10  20.20  21.50  22.90  24.60  26.40  28.90  31.90   
1050  19.20  20.20  21.50  23.00  24.70  26.50  29.00  32.00   
1060  19.20  20.30  21.60  23.00  24.80  26.60  29.10  32.10   
1070  19.20  20.30  21.60  23.10  24.80  26.70  29.20  32.20   
1080  19.30  20.40  21.70  23.20  24.90  26.70  29.30  32.30   
1090  19.30  20.40  21.70  23.20  25.00  26.80  29.40  32.40   
1100  19.30  20.40  21.80  23.30  25.00  26.90  29.40  32.50   
1110  19.30  20.50  21.80  23.30  25.10  27.00  29.50  32.50   
1120  19.40  20.50  21.90  23.40  25.20  27.00  29.60  32.60   
1130  19.40  20.50  21.90  23.40  25.20  27.10  29.70  32.70   
1140  19.40  20.60  22.00  23.50  25.30  27.20  29.80  32.80   
1150  19.40  20.60  22.00  23.60  25.40  27.30  29.90  32.90   
1160  19.50  20.60  22.10  23.60  25.40  27.30  29.90  33.00   
1170  19.50  20.70  22.10  23.70  25.50  27.40  30.00  33.10   
1180  19.50  20.70  22.20  23.70  25.60  27.50  30.10  33.20   
1190  19.50  20.80  22.20  23.80  25.70  27.60  30.20  33.30   
1200  19.60  20.80  22.30  23.90  25.70  27.60  30.30  33.40   
1210  19.60  20.80  22.30  23.90  25.80  27.70  30.40  33.50   
1220  19.60  20.90  22.40  24.00  25.90  27.80  30.50  33.60   
1230  19.70  20.90  22.40  24.00  25.90  27.90  30.50  33.70   
1240  19.70  20.90  22.50  24.10  26.00  27.90  30.60  33.80   
1250  19.70  21.00  22.50  24.10  26.00  28.00  30.70  33.80   
1260  19.70  21.00  22.50  24.20  26.10  28.10  30.80  33.90   
1270  19.80  21.00  22.60  24.20  26.20  28.10  30.90  34.00   
1280  19.80  21.10  22.60  24.30  26.20  28.20  30.90  34.10   
1290  19.80  21.10  22.70  24.40  26.30  28.30  31.00  34.20   
1300  19.80  21.20  22.70  24.40  26.40  28.40  31.10  34.30   
1310  19.90  21.20  22.80  24.50  26.40  28.40  31.20  34.40   
1320  19.90  21.20  22.80  24.50  26.50  28.50  31.30  34.40   
1330  19.90  21.30  22.90  24.60  26.60  28.60  31.30  34.50   
1340  19.90  21.30  22.90  24.60  26.60  28.60  31.40  34.60   
1350  20.00  21.30  22.90  24.70  26.70  28.70  31.50  34.70   
1360  20.00  21.40  23.00  24.70  26.80  28.80  31.60  34.80   
1370  20.00  21.40  23.00  24.80  26.80  28.80  31.60  34.90   
1380  20.00  21.40  23.10  24.80  26.90  28.90  31.70  34.90   
1390  20.10  21.50  23.10  24.90  26.90  29.00  31.80  35.00   
1400  20.10  21.50  23.20  24.90  27.00  29.10  31.90  35.10   
1410  20.10  21.50  23.20  25.00  27.10  29.10  31.90  35.20   
1420  20.10  21.60  23.20  25.00  27.10  29.20  32.00  35.30   
1430  20.20  21.60  23.30  25.10  27.20  29.30  32.10  35.30   
1440  20.20  21.60  23.40  25.20  27.30  29.30  32.20  35.40   
1450  20.20  21.70  23.40  25.20  27.30  29.40  32.20  35.50   
1460  20.20  21.70  23.40  25.30  27.40  29.50  32.30  35.60   
1470  20.20  21.70  23.50  25.30  27.40  29.50  32.40  35.70   
1480  20.30  21.80  23.50  25.40  27.50  29.60  32.50  35.80   
1490  20.30  21.80  23.60  25.40  27.60  29.60  32.50  35.80   
1500  20.30  21.80  23.60  25.50  27.60  29.70  32.60  35.90   
1510  20.40  21.90  23.60  25.50  27.70  29.80  32.70  36.00   
1520  20.40  21.90  23.70  25.60  27.70  29.80  32.70  36.10   
1530  20.40  21.90  23.70  25.60  27.80  29.90  32.80  36.10   
1540  20.40  22.00  23.80  25.70  27.80  30.00  32.90  36.20   
1550  20.50  22.00  23.80  25.70  27.90  30.00  33.00  36.30   
1560  20.50  22.00  23.80  25.80  27.90  30.10  33.00  36.40   
1570  20.50  22.00  23.90  25.80  28.00  30.20  33.10  36.40   
1580  20.50  22.10  23.90  25.90  28.10  30.20  33.20  36.50   
1590  20.60  22.10  24.00  25.90  28.10  30.30  33.20  36.60   
1600  20.60  22.20  24.00  26.00  28.20  30.40  33.30  36.70   
1610  20.60  22.20  24.00  26.00  28.20  30.40  33.40  36.70   
1620  20.60  22.20  24.10  26.10  28.30  30.50  33.40  36.80   
1630  20.60  22.20  24.10  26.10  28.30  30.50  33.50  36.90   
1640  20.70  22.30  24.20  26.20  28.40  30.60  33.60  37.00   
1650  20.70  22.30  24.20  26.20  28.50  30.70  33.70  37.00   
1660  20.70  22.30  24.20  26.20  28.50  30.70  33.70  37.10   
1670  20.70  22.40  24.30  26.30  28.60  30.80  33.80  37.20   
1680  20.70  22.40  24.30  26.30  28.60  30.80  33.80  37.20   
1690  20.80  22.40  24.40  26.40  28.70  30.90  33.90  37.30   
1700  20.80  22.50  24.40  26.40  28.70  31.00  34.00  37.40   
1710  20.80  22.50  24.40  26.50  28.80  31.00  34.00  37.40   
1720  20.80  22.50  24.50  26.50  28.80  31.10  34.10  37.50   
1730  20.90  22.50  24.50  26.60  28.90  31.10  34.20  37.60   
1740  20.90  22.60  24.60  26.60  28.90  31.20  34.20  37.70   
1750  20.90  22.60  24.60  26.70  29.00  31.20  34.30  37.70   
1760  20.90  22.60  24.60  26.70  29.00  31.30  34.40  37.80   
1770  20.90  22.70  24.70  26.70  29.10  31.40  34.40  37.90   
1780  21.00  22.70  24.70  26.80  29.10  31.40  34.50  37.90   
1790  21.00  22.70  24.80  26.80  29.20  31.50  34.50  38.00   
1800  21.00  22.80  24.80  26.90  29.20  31.50  34.60  38.10   
1810  21.00  22.80  24.80  26.90  29.30  31.60  34.70  38.10   
1820  21.10  22.80  24.90  27.00  29.40  31.60  34.70  38.20   
1830  21.10  22.80  24.90  27.00  29.40  31.70  34.80  38.30   
1840  21.10  22.90  24.90  27.10  29.50  31.70  34.90  38.30   
1850  21.10  22.90  25.00  27.10  29.50  31.80  34.90  38.40   
1860  21.10  22.90  25.00  27.10  29.50  31.90  35.00  38.40   
1870  21.20  23.00  25.10  27.20  29.60  31.90  35.00  38.50   
1880  21.20  23.00  25.10  27.20  29.70  32.00  35.10  38.60   
1890  21.20  23.00  25.10  27.30  29.70  32.00  35.20  38.60   
1900  21.20  23.00  25.20  27.30  29.80  32.10  35.20  38.70   
1910  21.20  23.10  25.20  27.40  29.80  32.10  35.30  38.80   
1920  21.30  23.10  25.20  27.40  29.80  32.20  35.30  38.80   
1930  21.30  23.10  25.30  27.50  29.90  32.20  35.40  38.90   
1940  21.30  23.20  25.30  27.50  29.90  32.30  35.50  39.00   
1950  21.30  23.20  25.30  27.50  30.00  32.30  35.50  39.00   
1960  21.30  23.20  25.40  27.60  30.00  32.40  35.60  39.10   
1970  21.40  23.20  25.40  27.60  30.10  32.50  35.60  39.20   
1980  21.40  23.20  25.40  27.70  30.10  32.50  35.70  39.20   
1990  21.40  23.30  25.50  27.70  30.20  32.60  35.70  39.30   
2000  21.40  23.30  25.50  27.70  30.20  32.60  35.80  39.30   
2010  21.50  23.30  25.50  27.80  30.30  32.70  35.90  39.40   
2020  21.50  23.40  25.60  27.80  30.30  32.70  35.90  39.40   
2030  21.50  23.40  25.60  27.90  30.40  32.80  36.00  39.50   
2040  21.50  23.40  25.60  27.90  30.40  32.80  36.00  39.60   
2050  21.50  23.40  25.70  27.90  30.50  32.80  36.10  39.60   
2060  21.60  23.50  25.70  28.00  30.50  32.90  36.10  39.70   
2070  21.60  23.50  25.70  28.00  30.60  33.00  36.20  39.80   
2080  21.60  23.50  25.80  28.10  30.60  33.00  36.20  39.80   
2090  21.60  23.50  25.80  28.10  30.60  33.00  36.30  39.80   
2100  21.60  23.60  25.80  28.10  30.70  33.10  36.30  39.90   
2110  21.60  23.60  25.90  28.20  30.70  33.20  36.40  40.00   
2120  21.70  23.60  25.90  28.20  30.80  33.20  36.50  40.00   
2130  21.70  23.70  25.90  28.30  30.80  33.20  36.50  40.10   
2140  21.70  23.70  26.00  28.30  30.90  33.30  36.60  40.10   
2150  21.70  23.70  26.00  28.30  30.90  33.30  36.60  40.20   
2160  21.70  23.70  26.00  28.40  31.00  33.40  36.70  40.30   
2170  21.80  23.70  26.10  28.40  31.00  33.40  36.70  40.30   
2180  21.80  23.80  26.10  28.40  31.00  33.50  36.80  40.40   
2190  21.80  23.80  26.10  28.50  31.10  33.50  36.80  40.40   
2200  21.80  23.80  26.20  28.50  31.10  33.60  36.90  40.50   
2210  21.80  23.90  26.20  28.60  31.20  33.60  36.90  40.50   
2220  21.90  23.90  26.20  28.60  31.20  33.70  37.00  40.60   
2230  21.90  23.90  26.20  28.60  31.20  33.70  37.00  40.60   
2240  21.90  23.90  26.30  28.70  31.30  33.80  37.10  40.70   
2250  21.90  23.90  26.30  28.70  31.30  33.80  37.10  40.70   
2260  21.90  24.00  26.30  28.70  31.40  33.90  37.20  40.80   
2270  21.90  24.00  26.40  28.80  31.40  33.90  37.20  40.80   
2280  22.00  24.00  26.40  28.80  31.50  34.00  37.30  40.90   
2290  22.00  24.00  26.40  28.80  31.50  34.00  37.30  41.00   
2300  22.00  24.10  26.50  28.90  31.50  34.00  37.40  41.00   
2310  22.00  24.10  26.50  28.90  31.60  34.10  37.40  41.10   
2320  22.00  24.10  26.50  28.90  31.60  34.10  37.50  41.10   
2330  22.00  24.10  26.50  29.00  31.70  34.20  37.50  41.20   
2340  22.10  24.20  26.60  29.00  31.70  34.20  37.60  41.20   
2350  22.10  24.20  26.60  29.00  31.70  34.30  37.60  41.30   
2360  22.10  24.20  26.60  29.10  31.80  34.30  37.70  41.30   
2370  22.10  24.20  26.70  29.10  31.80  34.30  37.70  41.40   
2380  22.10  24.30  26.70  29.20  31.80  34.40  37.70  41.40   
2390  22.10  24.30  26.70  29.20  31.90  34.40  37.80  41.50   
2400  22.20  24.30  26.70  29.20  31.90  34.50  37.80  41.50   
2410  22.20  24.30  26.80  29.30  32.00  34.50  37.90  41.60   
2420  22.20  24.30  26.80  29.30  32.00  34.50  37.90  41.60   
2430  22.20  24.40  26.80  29.30  32.00  34.60  38.00  41.70   
2440  22.20  24.40  26.90  29.40  32.10  34.60  38.00  41.70   
2450  22.20  24.40  26.90  29.40  32.10  34.70  38.10  41.80   
2460  22.30  24.40  26.90  29.40  32.20  34.70  38.10  41.80   
2470  22.30  24.40  26.90  29.40  32.20  34.80  38.20  41.90   
2480  22.30  24.50  27.00  29.50  32.20  34.80  38.20  41.90   
2490  22.30  24.50  27.00  29.50  32.30  34.80  38.20  42.00   
2500  22.30  24.50  27.00  29.50  32.30  34.90  38.30  42.00   
2510  22.30  24.50  27.10  29.60  32.30  34.90  38.30  42.00   
2520  22.40  24.60  27.10  29.60  32.40  35.00  38.40  42.10   
2530  22.40  24.60  27.10  29.60  32.40  35.00  38.40  42.10   
2540  22.40  24.60  27.10  29.70  32.50  35.00  38.50  42.20   
2550  22.40  24.60  27.10  29.70  32.50  35.10  38.50  42.20   
2560  22.40  24.60  27.20  29.70  32.50  35.10  38.60  42.30   
2570  22.40  24.70  27.20  29.80  32.60  35.20  38.60  42.30   
2580  22.50  24.70  27.20  29.80  32.60  35.20  38.60  42.40   
2590  22.50  24.70  27.30  29.80  32.60  35.20  38.70  42.40   
2600  22.50  24.70  27.30  29.90  32.70  35.30  38.70  42.50   
2610  22.50  24.70  27.30  29.90  32.70  35.30  38.80  42.50   
2620  22.50  24.80  27.30  29.90  32.70  35.30  38.80  42.50   
2630  22.50  24.80  27.40  30.00  32.80  35.40  38.90  42.60   
2640  22.50  24.80  27.40  30.00  32.80  35.40  38.90  42.60   
2650  22.60  24.80  27.40  30.00  32.80  35.50  38.90  42.70   
2660  22.60  24.80  27.40  30.00  32.90  35.50  39.00  42.70   
2670  22.60  24.90  27.50  30.10  32.90  35.50  39.00  42.80   
2680  22.60  24.90  27.50  30.10  32.90  35.60  39.00  42.80   
2690  22.60  24.90  27.50  30.10  33.00  35.60  39.10  42.80   
2700  22.60  24.90  27.60  30.20  33.00  35.60  39.10  42.90   
2710  22.60  24.90  27.60  30.20  33.00  35.70  39.20  42.90   
2720  22.70  25.00  27.60  30.20  33.10  35.70  39.20  43.00   
2730  22.70  25.00  27.60  30.20  33.10  35.80  39.30  43.00   
2740  22.70  25.00  27.60  30.30  33.10  35.80  39.30  43.10   
2750  22.70  25.00  27.70  30.30  33.20  35.80  39.30  43.10   
2760  22.70  25.00  27.70  30.30  33.20  35.90  39.40  43.10   
2770  22.70  25.10  27.70  30.40  33.20  35.90  39.40  43.20   
2780  22.80  25.10  27.70  30.40  33.30  35.90  39.40  43.20   
2790  22.80  25.10  27.80  30.40  33.30  36.00  39.50  43.30   
2840  22.80  25.20  27.90  30.60  33.50  36.10  39.70  43.50   
2850  22.90  25.20  27.90  30.60  33.50  36.20  39.70  43.50   
2860  22.90  25.20  27.90  30.60  33.50  36.20  39.70  43.50   
2870  22.90  25.30  28.00  30.60  33.60  36.20  39.80  43.60   
2880  22.90  25.30  28.00  30.70  33.60  36.30  39.80  43.60   
2890  22.90  25.30  28.00  30.70  33.60  36.30  39.90  43.70   
2900  22.90  25.30  28.00  30.70  33.60  36.30  39.90  43.70   
2910  22.90  25.30  28.00  30.70  33.70  36.40  39.90  43.70   
2920  22.90  25.30  28.10  30.80  33.70  36.40  40.00  43.80   
2930  23.00  25.30  28.10  30.80  33.70  36.40  40.00  43.80   
2940  23.00  25.40  28.10  30.80  33.80  36.50  40.00  43.90   
2950  23.00  25.40  28.10  30.80  33.80  36.50  40.10  43.90   
2960  23.00  25.40  28.10  30.90  33.80  36.50  40.10  43.90   
2970  23.00  25.40  28.20  30.90  33.90  36.60  40.10  44.00   
2980  23.00  25.40  28.20  30.90  33.90  36.60  40.20  44.00   
2990  23.00  25.40  28.20  30.90  33.90  36.60  40.20  44.00   
3000  23.00  25.50  28.20  31.00  33.90  36.70  40.20  44.10   
3010  23.10  25.50  28.20  31.00  34.00  36.70  40.30  44.10   
3020  23.10  25.50  28.30  31.00  34.00  36.70  40.30  44.20   
3030  23.10  25.50  28.30  31.00  34.00  36.70  40.30  44.20   
3040  23.10  25.50  28.30  31.10  34.00  36.80  40.40  44.20   
3050  23.10  25.60  28.30  31.10  34.10  36.80  40.40  44.30   
3060  23.10  25.60  28.40  31.10  34.10  36.80  40.40  44.30   
3070  23.10  25.60  28.40  31.10  34.10  36.90  40.50  44.30   
3080  23.20  25.60  28.40  31.20  34.20  36.90  40.50  44.40   
3090  23.20  25.60  28.40  31.20  34.20  36.90  40.50  44.40   
3100  23.20  25.60  28.40  31.20  34.20  37.00  40.60  44.40   
3110  23.20  25.70  28.50  31.20  34.30  37.00  40.60  44.50   
3120  23.20  25.70  28.50  31.30  34.30  37.00  40.60  44.50   
3130  23.20  25.70  28.50  31.30  34.30  37.10  40.70  44.60   
3140  23.20  25.70  28.50  31.30  34.30  37.10  40.70  44.60   
3150  23.20  25.70  28.50  31.30  34.40  37.10  40.70  44.60   
3160  23.20  25.70  28.60  31.40  34.40  37.10  40.80  44.70   
3170  23.30  25.80  28.60  31.40  34.40  37.20  40.80  44.70   
3180  23.30  25.80  28.60  31.40  34.40  37.20  40.80  44.70   
3190  23.30  25.80  28.60  31.40  34.50  37.20  40.90  44.70   
3200  23.30  25.80  28.60  31.40  34.50  37.30  40.90  44.80   
3210  23.30  25.80  28.70  31.50  34.50  37.30  40.90  44.80   
3220  23.30  25.80  28.70  31.50  34.50  37.30  40.90  44.80   
3230  23.30  25.80  28.70  31.50  34.60  37.30  41.00  44.90   
3240  23.30  25.90  28.70  31.60  34.60  37.40  41.00  44.90   
3250  23.30  25.90  28.70  31.60  34.60  37.40  41.00  44.90   
3260  23.40  25.90  28.80  31.60  34.60  37.40  41.10  45.00   
3270  23.30  25.90  28.80  31.60  34.70  37.40  41.10  45.00   
3280  23.40  25.90  28.80  31.60  34.70  37.50  41.10  45.00   
3290  23.40  25.90  28.80  31.70  34.70  37.50  41.20  45.10   
3300  23.40  25.90  28.80  31.70  34.70  37.50  41.20  45.10   
3310  23.40  26.00  28.80  31.70  34.80  37.50  41.20  45.10   
3320  23.40  26.00  28.90  31.70  34.80  37.60  41.20  45.20   
3330  23.40  26.00  28.90  31.70  34.80  37.60  41.30  45.20   
3340  23.40  26.00  28.90  31.80  34.80  37.60  41.30  45.20   
3350  23.40  26.00  28.90  31.80  34.90  37.70  41.30  45.30   
3360  23.40  26.00  28.90  31.80  34.90  37.70  41.40  45.30   
3370  23.50  26.00  28.90  31.80  34.90  37.70  41.40  45.30   
3380  23.50  26.10  29.00  31.80  34.90  37.70  41.40  45.40   
3390  23.50  26.10  29.00  31.90  35.00  37.80  41.40  45.40   
3400  23.50  26.10  29.00  31.90  35.00  37.80  41.50  45.40   
3410  23.50  26.10  29.00  31.90  35.00  37.80  41.50  45.40   
3420  23.50  26.10  29.00  31.90  35.00  37.80  41.50  45.50   
3430  23.50  26.10  29.00  31.90  35.00  37.90  41.50  45.50   
3440  23.50  26.10  29.10  32.00  35.10  37.90  41.60  45.50   
3450  23.50  26.10  29.10  32.00  35.10  37.90  41.60  45.60   
3460  23.60  26.20  29.10  32.00  35.10  37.90  41.60  45.60   
3470  23.60  26.20  29.10  32.00  35.10  38.00  41.70  45.60   
3480  23.60  26.20  29.10  32.00  35.20  38.00  41.70  45.70   
3490  23.60  26.20  29.20  32.10  35.20  38.00  41.70  45.70   
3500  23.60  26.20  29.20  32.10  35.20  38.00  41.70  45.70   
3510  23.60  26.20  29.20  32.10  35.20  38.10  41.80  45.70   
3520  23.60  26.20  29.20  32.10  35.30  38.10  41.80  45.80   
3530  23.60  26.20  29.20  32.10  35.30  38.10  41.80  45.80   
3540  23.60  26.30  29.20  32.20  35.30  38.10  41.80  45.80   
3550  23.60  26.30  29.20  32.20  35.30  38.10  41.90  45.80   
3560  23.60  26.30  29.30  32.20  35.30  38.20  41.90  45.90   
3570  23.70  26.30  29.30  32.20  35.40  38.20  41.90  45.90   
3580  23.70  26.30  29.30  32.20  35.40  38.20  42.00  45.90   
3590  23.70  26.30  29.30  32.20  35.40  38.20  42.00  46.00   
3600  23.70  26.30  29.30  32.30  35.40  38.30  42.00  46.00   
3610  23.70  26.30  29.30  32.30  35.40  38.30  42.00  46.00   
3620  23.70  26.40  29.40  32.30  35.50  38.30  42.10  46.00   
3630  23.70  26.40  29.40  32.30  35.50  38.30  42.10  46.10   
3640  23.70  26.40  29.40  32.30  35.50  38.40  42.10  46.10   
3650  23.80  26.40  29.40  32.40  35.50  38.40  42.10  46.10   
3660  23.80  26.40  29.40  32.40  35.50  38.40  42.20  46.10   
3670  23.80  26.40  29.40  32.40  35.50  38.40  42.20  46.20   
3680  23.80  26.40  29.40  32.40  35.60  38.50  42.20  46.20   
3690  23.80  26.50  29.50  32.40  35.60  38.50  42.20  46.20   
3700  23.80  26.50  29.50  32.50  35.60  38.50  42.30  46.20   
3710  23.80  26.50  29.50  32.50  35.70  38.50  42.30  46.30   
3720  23.80  26.50  29.50  32.50  35.70  38.50  42.30  46.30   
3730  23.80  26.50  29.50  32.50  35.70  38.60  42.30  46.30   
3740  23.80  26.50  29.50  32.50  35.70  38.60  42.30  46.30   
3750  23.90  26.60  29.60  32.60  35.70  38.60  42.40  46.40   
3760  23.90  26.60  29.60  32.60  35.70  38.60  42.40  46.40   
3770  23.90  26.60  29.60  32.60  35.80  38.70  42.40  46.40   
3780  23.90  26.60  29.60  32.60  35.80  38.70  42.40  46.40   
3790  23.90  26.60  29.60  32.60  35.80  38.70  42.50  46.50   
3800  23.90  26.60  29.70  32.60  35.80  38.70  42.50  46.50   
3810  23.90  26.60  29.70  32.60  35.80  38.70  42.50  46.50   
3820  23.90  26.60  29.70  32.70  35.90  38.80  42.50  46.50   
3830  23.90  26.60  29.70  32.70  35.90  38.80  42.60  46.60   
3840  23.90  26.60  29.70  32.70  35.90  38.80  42.60  46.60   
3850  23.90  26.70  29.70  32.70  35.90  38.80  42.60  46.60   
3860  24.00  26.70  29.70  32.70  36.00  38.80  42.60  46.60   
3870  24.00  26.70  29.80  32.80  36.00  38.90  42.70  46.70   
3880  24.00  26.70  29.80  32.80  36.00  38.90  42.70  46.70   
3890  24.00  26.70  29.80  32.80  36.00  38.90  42.70  46.70   
3900  24.00  26.70  29.80  32.80  36.00  38.90  42.70  46.70   
3910  24.00  26.70  29.80  32.80  36.00  38.90  42.70  46.80   
3920  24.00  26.70  29.80  32.80  36.10  39.00  42.80  46.80   
3930  24.00  26.70  29.80  32.90  36.10  39.00  42.80  46.80   
3940  24.00  26.70  29.80  32.90  36.10  39.00  42.80  46.80   
3950  24.00  26.80  29.90  32.90  36.10  39.00  42.80  46.80   
3960  24.00  26.80  29.90  32.90  36.10  39.00  42.80  46.90   
3970  24.00  26.80  29.90  32.90  36.20  39.10  42.90  46.90   
3980  24.00  26.80  29.90  32.90  36.20  39.10  42.90  46.90   
3990  24.10  26.80  29.90  33.00  36.20  39.10  42.90  46.90   
4000  24.10  26.80  29.90  33.00  36.20  39.10  42.90  47.00   
4010  24.10  26.80  29.90  33.00  36.20  39.10  42.90  47.00   
4020  24.10  26.80  29.90  33.00  36.20  39.20  43.00  47.00   
4030  24.10  26.80  30.00  33.00  36.20  39.20  43.00  47.00   
4040  24.10  26.90  30.00  33.00  36.30  39.20  43.00  47.00   
4050  24.10  26.90  30.00  33.00  36.30  39.20  43.00  47.10   
4060  24.10  26.90  30.00  33.10  36.30  39.20  43.10  47.10   
4070  24.10  26.90  30.00  33.10  36.30  39.30  43.10  47.10   
4080  24.10  26.90  30.00  33.10  36.30  39.30  43.10  47.10   
4090  24.10  26.90  30.00  33.10  36.40  39.30  43.10  47.20   
4100  24.10  26.90  30.00  33.10  36.40  39.30  43.10  47.20   
4110  24.10  26.90  30.10  33.10  36.40  39.30  43.20  47.20   
4120  24.10  26.90  30.10  33.10  36.40  39.30  43.20  47.20   
4130  24.10  26.90  30.10  33.10  36.40  39.40  43.20  47.30   
4140  24.10  26.90  30.10  33.20  36.40  39.40  43.20  47.30   
4150  24.20  27.00  30.10  33.20  36.40  39.40  43.20  47.30   
4160  24.20  27.00  30.10  33.20  36.50  39.40  43.30  47.30   
4170  24.20  27.00  30.10  33.20  36.50  39.40  43.30  47.30   
4180  24.20  27.00  30.10  33.20  36.50  39.50  43.30  47.30   
4190  24.20  27.00  30.10  33.20  36.50  39.50  43.30  47.40   
4200  24.20  27.00  30.20  33.20  36.50  39.50  43.30  47.40   
4210  24.20  27.00  30.20  33.30  36.50  39.50  43.30  47.40   
4220  24.20  27.00  30.20  33.30  36.60  39.50  43.40  47.40   
4230  24.20  27.00  30.20  33.30  36.60  39.50  43.40  47.40   
4240  24.20  27.00  30.20  33.30  36.60  39.60  43.40  47.50   
4250  24.20  27.00  30.20  33.30  36.60  39.60  43.40  47.50   
4260  24.20  27.10  30.20  33.30  36.60  39.60  43.40  47.50   
4270  24.20  27.10  30.20  33.30  36.60  39.60  43.40  47.50   
4280  24.20  27.10  30.20  33.40  36.70  39.60  43.50  47.50   
4290  24.30  27.10  30.30  33.40  36.70  39.60  43.50  47.60   
4300  24.30  27.10  30.30  33.40  36.70  39.70  43.50  47.60   
4310  24.30  27.10  30.30  33.40  36.70  39.70  43.50  47.60   
4320  24.30  27.10  30.30  33.40  36.70  39.70  43.50  47.60   
4330  24.30  27.10  30.30  33.40  36.70  39.70  43.60  47.60   
4340  24.30  27.10  30.30  33.40  36.70  39.70  43.60  47.70   
4350  24.30  27.10  30.30  33.40  36.80  39.70  43.60  47.70   
4360  24.30  27.20  30.30  33.50  36.80  39.70  43.60  47.70   
4370  24.30  27.20  30.30  33.50  36.80  39.80  43.60  47.70   
4380  24.30  27.20  30.40  33.50  36.80  39.80  43.60  47.70   
4390  24.30  27.20  30.40  33.50  36.80  39.80  43.70  47.70   
4400  24.40  27.20  30.40  33.50  36.80  39.80  43.70  47.80   
4410  24.40  27.20  30.40  33.50  36.80  39.80  43.70  47.80   
4420  24.40  27.20  30.40  33.50  36.90  39.80  43.70  47.80   
4430  24.40  27.20  30.40  33.50  36.90  39.80  43.70  47.80   
4440  24.40  27.20  30.40  33.60  36.90  39.90  43.70  47.80   
4450  24.40  27.20  30.40  33.60  36.90  39.90  43.80  47.90   
4460  24.40  27.20  30.40  33.60  36.90  39.90  43.80  47.90   
4470  24.40  27.20  30.50  33.60  36.90  39.90  43.80  47.90   
4480  24.40  27.30  30.50  33.60  36.90  39.90  43.80  47.90   
4490  24.40  27.30  30.50  33.60  37.00  39.90  43.80  47.90   
4500  24.40  27.30  30.50  33.60  37.00  40.00  43.80  47.90   
4510  24.40  27.30  30.50  33.60  37.00  40.00  43.80  47.90   
4520  24.40  27.30  30.50  33.70  37.00  40.00  43.90  48.00   
4530  24.40  27.30  30.50  33.70  37.00  40.00  43.90  48.00   
4540  24.40  27.30  30.50  33.70  37.00  40.00  43.90  48.00   
4550  24.40  27.30  30.50  33.70  37.00  40.00  43.90  48.00   
4560  24.40  27.30  30.50  33.70  37.10  40.00  43.90  48.00   
4570  24.40  27.30  30.60  33.70  37.10  40.10  44.00  48.10   
4580  24.40  27.30  30.60  33.70  37.10  40.10  44.00  48.10   
4590  24.40  27.30  30.60  33.70  37.10  40.10  44.00  48.10   
4600  24.50  27.30  30.60  33.70  37.10  40.10  44.00  48.10   
4610  24.50  27.40  30.60  33.80  37.10  40.10  44.00  48.10   
4620  24.50  27.40  30.60  33.80  37.10  40.10  44.00  48.10   
4630  24.50  27.40  30.60  33.80  37.10  40.10  44.00  48.20   
4640  24.50  27.40  30.60  33.80  37.20  40.20  44.10  48.20   
4650  24.50  27.40  30.60  33.80  37.20  40.20  44.10  48.20   
4660  24.50  27.40  30.60  33.80  37.20  40.20  44.10  48.20   
4670  24.50  27.40  30.60  33.80  37.20  40.20  44.10  48.20   
4680  24.50  27.40  30.70  33.80  37.20  40.20  44.10  48.20   
4690  24.50  27.40  30.70  33.80  37.20  40.20  44.10  48.20   
4700  24.50  27.40  30.70  33.80  37.20  40.20  44.10  48.30   
4710  24.50  27.40  30.70  33.90  37.20  40.20  44.20  48.30   
4720  24.50  27.40  30.70  33.90  37.20  40.30  44.20  48.30   
4730  24.50  27.50  30.70  33.90  37.30  40.30  44.20  48.30   
4740  24.50  27.40  30.70  33.90  37.30  40.30  44.20  48.30   
4750  24.50  27.40  30.70  33.90  37.30  40.30  44.20  48.30   
4760  24.60  27.50  30.70  33.90  37.30  40.30  44.20  48.40   
4770  24.50  27.50  30.70  33.90  37.30  40.30  44.20  48.40   
4780  24.50  27.50  30.70  33.90  37.30  40.30  44.30  48.40   
4790  24.50  27.50  30.80  33.90  37.30  40.40  44.30  48.40   
4800  24.60  27.50  30.80  34.00  37.30  40.40  44.30  48.40   
4810  24.60  27.50  30.80  34.00  37.40  40.40  44.30  48.40   
4820  24.60  27.50  30.80  34.00  37.40  40.40  44.30  48.40   
4830  24.60  27.50  30.80  34.00  37.40  40.40  44.30  48.50   
4840  24.60  27.50  30.80  34.00  37.40  40.40  44.30  48.50   
4850  24.60  27.50  30.80  34.00  37.40  40.40  44.40  48.50   
4860  24.60  27.50  30.80  34.00  37.40  40.40  44.40  48.50   
4870  24.60  27.50  30.80  34.00  37.40  40.40  44.40  48.50   
4880  24.60  27.50  30.80  34.00  37.40  40.50  44.40  48.50   
4890  24.60  27.50  30.80  34.00  37.40  40.50  44.40  48.50   
4900  24.60  27.60  30.80  34.10  37.50  40.50  44.40  48.60   
4910  24.60  27.60  30.90  34.10  37.50  40.50  44.40  48.60   
4920  24.60  27.60  30.90  34.10  37.50  40.50  44.40  48.60   
4930  24.60  27.60  30.90  34.10  37.50  40.50  44.50  48.60   
4940  24.60  27.60  30.90  34.10  37.50  40.50  44.50  48.60   
4950  24.60  27.60  30.90  34.10  37.50  40.60  44.50  48.60   
4960  24.70  27.60  30.90  34.10  37.50  40.60  44.50  48.60   
4970  24.70  27.60  30.90  34.10  37.50  40.60  44.50  48.70   
4980  24.70  27.60  30.90  34.10  37.50  40.60  44.50  48.70   
4990  24.70  27.60  30.90  34.20  37.60  40.60  44.50  48.70   
5000  24.70  27.60  30.90  34.20  37.60  40.60  44.60  48.70   
5010  24.70  27.60  31.00  34.20  37.60  40.60  44.60  48.70   
5020  24.70  27.70  31.00  34.20  37.60  40.60  44.60  48.70   
5030  24.70  27.70  31.00  34.20  37.60  40.60  44.60  48.70   
5040  24.70  27.70  31.00  34.20  37.60  40.70  44.60  48.70   
5050  24.70  27.70  31.00  34.20  37.60  40.70  44.60  48.80   
5060  24.70  27.70  31.00  34.20  37.60  40.70  44.60  48.80   
5070  24.70  27.70  31.00  34.20  37.60  40.70  44.60  48.80   
5080  24.70  27.70  31.00  34.20  37.70  40.70  44.60  48.80   
5090  24.70  27.70  31.00  34.20  37.70  40.70  44.70  48.80   
5100  24.70  27.70  31.00  34.30  37.70  40.70  44.70  48.80   
5110  24.70  27.70  31.00  34.30  37.70  40.70  44.70  48.80   
5120  24.70  27.70  31.00  34.30  37.70  40.70  44.70  48.90   
5130  24.70  27.70  31.00  34.30  37.70  40.80  44.70  48.90   
5140  24.70  27.70  31.10  34.30  37.70  40.80  44.70  48.90   
5150  24.70  27.70  31.10  34.30  37.70  40.80  44.70  48.90   
5160  24.80  27.70  31.10  34.30  37.70  40.80  44.80  48.90   
5170  24.80  27.70  31.10  34.30  37.70  40.80  44.80  48.90   
5180  24.80  27.70  31.10  34.30  37.80  40.80  44.80  48.90   
5190  24.80  27.70  31.10  34.30  37.80  40.80  44.80  48.90   
5200  24.80  27.70  31.10  34.30  37.80  40.80  44.80  49.00   
5210  24.80  27.70  31.10  34.30  37.80  40.80  44.80  49.00   
5220  24.80  27.80  31.10  34.40  37.80  40.80  44.80  49.00   
5230  24.80  27.80  31.10  34.40  37.80  40.90  44.80  49.00   
5240  24.80  27.80  31.10  34.40  37.80  40.90  44.80  49.00   
5250  24.80  27.80  31.10  34.40  37.80  40.90  44.90  49.00   
5260  24.80  27.80  31.10  34.40  37.80  40.90  44.90  49.00   
5270  24.80  27.80  31.10  34.40  37.80  40.90  44.90  49.00   
5280  24.80  27.80  31.10  34.40  37.80  40.90  44.90  49.10   
5290  24.80  27.80  31.20  34.40  37.90  40.90  44.90  49.10   
5300  24.80  27.80  31.20  34.40  37.90  40.90  44.90  49.10   
5310  24.80  27.80  31.20  34.40  37.90  40.90  44.90  49.10   
5320  24.80  27.80  31.20  34.40  37.90  41.00  44.90  49.10   
5330  24.80  27.80  31.20  34.40  37.90  41.00  44.90  49.10   
5340  24.80  27.80  31.20  34.40  37.90  41.00  44.90  49.10   
5350  24.80  27.80  31.20  34.50  37.90  41.00  45.00  49.10   
5360  24.80  27.80  31.20  34.50  37.90  41.00  45.00  49.10   
5370  24.80  27.80  31.20  34.50  37.90  41.00  45.00  49.20   
5380  24.80  27.80  31.20  34.50  37.90  41.00  45.00  49.20   
5390  24.80  27.80  31.20  34.50  37.90  41.00  45.00  49.20   
5400  24.80  27.90  31.20  34.50  38.00  41.00  45.00  49.20   
5410  24.80  27.80  31.20  34.50  38.00  41.00  45.00  49.20   
5420  24.80  27.90  31.20  34.50  38.00  41.00  45.00  49.20   
5430  24.80  27.90  31.20  34.50  38.00  41.10  45.00  49.20   
5440  24.90  27.90  31.20  34.50  38.00  41.10  45.10  49.20   
5450  24.80  27.90  31.30  34.50  38.00  41.10  45.10  49.20   
5460  24.90  27.90  31.30  34.50  38.00  41.10  45.10  49.30   
5470  24.90  27.90  31.30  34.50  38.00  41.10  45.10  49.30   
5480  24.90  27.90  31.30  34.60  38.00  41.10  45.10  49.30   
5490  24.90  27.90  31.30  34.60  38.00  41.10  45.10  49.30   
5500  24.90  27.90  31.30  34.60  38.00  41.10  45.10  49.30   
5510  24.90  27.90  31.30  34.60  38.00  41.10  45.10  49.30   
5520  24.90  27.90  31.30  34.60  38.10  41.10  45.10  49.30   
5530  24.90  27.90  31.30  34.60  38.10  41.10  45.10  49.30   
5540  24.90  27.90  31.30  34.60  38.10  41.20  45.20  49.40   
5550  24.90  27.90  31.30  34.60  38.10  41.20  45.20  49.40   
5560  24.90  27.90  31.30  34.60  38.10  41.20  45.20  49.40   
5570  24.90  27.90  31.30  34.60  38.10  41.20  45.20  49.40   
5580  24.90  27.90  31.30  34.60  38.10  41.20  45.20  49.40   
5590  24.90  27.90  31.30  34.60  38.10  41.20  45.20  49.40   
5600  24.90  27.90  31.30  34.60  38.10  41.20  45.20  49.40   
5610  24.90  27.90  31.30  34.60  38.10  41.20  45.20  49.40   
5620  24.90  27.90  31.30  34.60  38.10  41.20  45.20  49.40   
5630  24.90  27.90  31.40  34.70  38.10  41.20  45.20  49.40   
5640  24.90  27.90  31.40  34.70  38.20  41.20  45.30  49.40   
5650  24.90  28.00  31.40  34.70  38.20  41.30  45.30  49.50   
5660  24.90  28.00  31.40  34.70  38.20  41.30  45.30  49.50   
5670  24.90  28.00  31.40  34.70  38.20  41.30  45.30  49.50   
5680  24.90  28.00  31.40  34.70  38.20  41.30  45.30  49.50   
5690  24.90  28.00  31.40  34.70  38.20  41.30  45.30  49.50   
5700  24.90  28.00  31.40  34.70  38.20  41.30  45.30  49.50   
5710  24.90  28.00  31.40  34.70  38.20  41.30  45.30  49.50   
5720  24.90  28.00  31.40  34.70  38.20  41.30  45.30  49.50   
5730  25.00  28.00  31.40  34.70  38.20  41.30  45.30  49.50   
5740  25.00  28.00  31.40  34.70  38.20  41.30  45.40  49.60   
5750  25.00  28.00  31.40  34.70  38.20  41.30  45.40  49.60   
5760  25.00  28.00  31.40  34.70  38.20  41.30  45.40  49.60   
5770  25.00  28.00  31.40  34.70  38.20  41.30  45.40  49.60   
5780  25.00  28.00  31.40  34.80  38.30  41.40  45.40  49.60   
5790  25.00  28.00  31.50  34.80  38.30  41.40  45.40  49.60   
5800  25.00  28.10  31.50  34.80  38.30  41.40  45.40  49.60   
5810  25.00  28.00  31.50  34.80  38.30  41.40  45.40  49.60   
5820  25.00  28.10  31.50  34.80  38.30  41.40  45.40  49.60   
5830  25.00  28.00  31.50  34.80  38.30  41.40  45.40  49.60   
5840  25.00  28.10  31.50  34.80  38.30  41.40  45.40  49.60   
5850  25.00  28.10  31.50  34.80  38.30  41.40  45.40  49.60   
5860  25.00  28.10  31.50  34.80  38.30  41.40  45.50  49.70   
5870  25.00  28.10  31.50  34.80  38.30  41.40  45.50  49.70   
5880  25.00  28.10  31.50  34.80  38.30  41.40  45.50  49.70   
5890  25.00  28.10  31.50  34.80  38.30  41.40  45.50  49.70   
5900  25.00  28.10  31.50  34.80  38.30  41.50  45.50  49.70   
5910  25.00  28.10  31.50  34.80  38.40  41.50  45.50  49.70   
5920  25.00  28.10  31.50  34.90  38.40  41.50  45.50  49.70   
5930  25.00  28.10  31.50  34.80  38.40  41.50  45.50  49.70   
5940  25.00  28.10  31.50  34.90  38.40  41.50  45.50  49.70   
5950  25.00  28.10  31.50  34.90  38.40  41.50  45.50  49.70   
5960  25.00  28.10  31.50  34.90  38.40  41.50  45.50  49.70   
5970  25.00  28.10  31.50  34.90  38.40  41.50  45.50  49.70   
5980  25.00  28.10  31.50  34.90  38.40  41.50  45.50  49.80   
5990  25.10  28.10  31.60  34.90  38.40  41.50  45.60  49.80   
6000  25.00  28.10  31.50  34.90  38.40  41.50  45.50  49.80   
6010  25.10  28.10  31.60  34.90  38.40  41.50  45.60  49.80   
6020  25.10  28.10  31.60  34.90  38.40  41.50  45.60  49.80   
6030  25.10  28.10  31.60  34.90  38.40  41.60  45.60  49.80   
6040  25.10  28.10  31.60  34.90  38.40  41.60  45.60  49.80   
6050  25.10  28.10  31.60  34.90  38.40  41.60  45.60  49.80   
6060  25.10  28.10  31.60  34.90  38.40  41.60  45.60  49.80   
6070  25.10  28.20  31.60  34.90  38.50  41.60  45.60  49.80   
6080  25.10  28.20  31.60  34.90  38.50  41.60  45.60  49.80   
6090  25.10  28.20  31.60  34.90  38.50  41.60  45.60  49.80   
6100  25.10  28.20  31.60  35.00  38.50  41.60  45.60  49.90   
6110  25.10  28.20  31.60  35.00  38.50  41.60  45.60  49.90   
6120  25.10  28.20  31.60  35.00  38.50  41.60  45.70  49.90   
6130  25.10  28.20  31.60  35.00  38.50  41.60  45.60  49.90   
6140  25.10  28.20  31.60  35.00  38.50  41.60  45.70  49.90   
6150  25.10  28.20  31.60  35.00  38.50  41.60  45.70  49.90   
6160  25.10  28.20  31.60  35.00  38.50  41.60  45.70  49.90   
6170  25.10  28.20  31.70  35.00  38.50  41.60  45.70  49.90   
6180  25.10  28.20  31.70  35.00  38.50  41.70  45.70  49.90   
6190  25.10  28.20  31.70  35.00  38.50  41.70  45.70  49.90   
6200  25.10  28.20  31.70  35.00  38.50  41.70  45.70  49.90   
6210  25.10  28.20  31.70  35.00  38.60  41.70  45.70  50.00   
6220  25.10  28.20  31.70  35.00  38.60  41.70  45.70  50.00   
6230  25.10  28.20  31.70  35.00  38.60  41.70  45.70  50.00   
6240  25.10  28.20  31.70  35.00  38.60  41.70  45.80  50.00   
6250  25.10  28.20  31.70  35.00  38.60  41.70  45.70  50.00   
6260  25.10  28.20  31.70  35.00  38.60  41.70  45.80  50.00   
6270  25.10  28.20  31.70  35.00  38.60  41.70  45.80  50.00   
6280  25.10  28.20  31.70  35.10  38.60  41.70  45.80  50.00   
6290  25.10  28.20  31.70  35.10  38.60  41.70  45.80  50.00   
6300  25.10  28.20  31.70  35.10  38.60  41.70  45.80  50.00   
6310  25.10  28.20  31.70  35.10  38.60  41.70  45.80  50.00   
6320  25.10  28.30  31.70  35.10  38.60  41.70  45.80  50.00   
6330  25.10  28.30  31.70  35.10  38.60  41.80  45.80  50.00   
6340  25.10  28.30  31.70  35.10  38.60  41.80  45.80  50.00   
6350  25.10  28.30  31.70  35.10  38.60  41.80  45.80  50.00   
6360  25.20  28.30  31.70  35.10  38.60  41.80  45.80  50.10   
6370  25.20  28.30  31.70  35.10  38.60  41.80  45.80  50.10   
6380  25.20  28.30  31.70  35.10  38.70  41.80  45.80  50.10   
6390  25.20  28.30  31.80  35.10  38.70  41.80  45.90  50.10   
6400  25.20  28.30  31.80  35.10  38.70  41.80  45.90  50.10   
6410  25.20  28.30  31.80  35.10  38.70  41.80  45.80  50.10   
6420  25.20  28.30  31.80  35.10  38.70  41.80  45.90  50.10   
6430  25.20  28.30  31.80  35.10  38.70  41.80  45.90  50.10   
6440  25.20  28.30  31.80  35.10  38.70  41.80  45.90  50.10   
6450  25.20  28.30  31.80  35.10  38.70  41.80  45.90  50.10   
6460  25.20  28.30  31.80  35.20  38.70  41.80  45.90  50.10   
6470  25.20  28.30  31.80  35.10  38.70  41.80  45.90  50.10   
6480  25.20  28.30  31.80  35.10  38.70  41.90  45.90  50.10   
6490  25.20  28.30  31.80  35.20  38.70  41.80  45.90  50.10   
6500  25.20  28.30  31.80  35.20  38.70  41.90  45.90  50.20   
6510  25.20  28.30  31.80  35.20  38.70  41.90  45.90  50.20   
6520  25.20  28.30  31.80  35.20  38.70  41.90  45.90  50.20   
6530  25.20  28.30  31.80  35.20  38.70  41.90  45.90  50.20   
6540  25.20  28.30  31.80  35.20  38.70  41.90  45.90  50.20   
6550  25.20  28.30  31.80  35.20  38.70  41.90  45.90  50.20   
6560  25.20  28.30  31.80  35.20  38.70  41.90  46.00  50.20   
6570  25.20  28.30  31.80  35.20  38.80  41.90  46.00  50.20   
6580  25.20  28.30  31.80  35.20  38.80  41.90  46.00  50.20   
6590  25.20  28.30  31.80  35.20  38.80  41.90  46.00  50.20   
6600  25.20  28.30  31.80  35.20  38.80  41.90  46.00  50.20   
6610  25.20  28.30  31.80  35.20  38.80  41.90  46.00  50.20   
6620  25.20  28.40  31.80  35.20  38.80  41.90  46.00  50.20   
6630  25.20  28.40  31.80  35.20  38.80  41.90  46.00  50.20   
6640  25.20  28.40  31.80  35.20  38.80  41.90  46.00  50.20   
6650  25.20  28.40  31.90  35.20  38.80  42.00  46.00  50.30   
6660  25.20  28.40  31.90  35.20  38.80  42.00  46.00  50.30   
6670  25.20  28.40  31.90  35.20  38.80  42.00  46.00  50.30   
6680  25.30  28.40  31.90  35.20  38.80  42.00  46.00  50.30   
6690  25.20  28.40  31.90  35.20  38.80  42.00  46.00  50.30   
6700  25.20  28.40  31.90  35.30  38.80  42.00  46.00  50.30   
6710  25.30  28.40  31.90  35.30  38.80  42.00  46.10  50.30   
6720  25.30  28.40  31.90  35.30  38.80  42.00  46.00  50.30   
6730  25.30  28.40  31.90  35.30  38.80  42.00  46.10  50.30   
6740  25.30  28.40  31.90  35.30  38.80  42.00  46.10  50.30   
6750  25.30  28.40  31.90  35.30  38.80  42.00  46.10  50.30   
6760  25.30  28.40  31.90  35.30  38.80  42.00  46.10  50.30   
6770  25.30  28.40  31.90  35.30  38.80  42.00  46.10  50.30   
6780  25.30  28.40  31.90  35.30  38.90  42.00  46.10  50.30   
6790  25.30  28.40  31.90  35.30  38.90  42.00  46.10  50.30   
6800  25.30  28.40  31.90  35.30  38.90  42.00  46.10  50.40   
6810  25.30  28.40  31.90  35.30  38.90  42.00  46.10  50.30   
6820  25.30  28.40  31.90  35.30  38.90  42.00  46.10  50.40   
6830  25.30  28.40  31.90  35.30  38.90  42.00  46.10  50.40   
6840  25.30  28.40  31.90  35.30  38.90  42.10  46.10  50.40   
6850  25.30  28.40  31.90  35.30  38.90  42.10  46.10  50.40   
6860  25.30  28.50  32.00  35.30  38.90  42.10  46.10  50.40   
6870  25.30  28.40  31.90  35.30  38.90  42.10  46.10  50.40   
6880  25.30  28.50  31.90  35.30  38.90  42.10  46.10  50.40   
6890  25.30  28.40  31.90  35.30  38.90  42.10  46.10  50.40   
6900  25.30  28.40  32.00  35.30  38.90  42.10  46.10  50.40   
6910  25.30  28.50  32.00  35.30  38.90  42.10  46.20  50.40   
6920  25.30  28.50  32.00  35.30  38.90  42.10  46.20  50.40   
6930  25.30  28.40  31.90  35.40  38.90  42.10  46.20  50.40   
6940  25.30  28.50  32.00  35.40  38.90  42.10  46.20  50.40   
6950  25.30  28.50  32.00  35.40  38.90  42.10  46.20  50.40   
6960  25.30  28.40  32.00  35.40  38.90  42.10  46.20  50.40   
6970  25.30  28.50  32.00  35.40  38.90  42.10  46.20  50.40   
6980  25.30  28.50  32.00  35.40  38.90  42.10  46.20  50.40   
6990  25.30  28.50  32.00  35.40  38.90  42.10  46.20  50.40   
7000  25.30  28.50  32.00  35.40  39.00  42.10  46.20  50.40   
7010  25.30  28.40  32.00  35.40  39.00  42.10  46.20  50.40   
7020  25.30  28.50  32.00  35.40  39.00  42.10  46.20  50.50   
7030  25.30  28.50  32.00  35.40  39.00  42.10  46.20  50.50   
7040  25.30  28.50  32.00  35.40  39.00  42.10  46.20  50.50   
7050  25.30  28.50  32.00  35.40  39.00  42.10  46.20  50.50   
7060  25.30  28.50  32.00  35.40  39.00  42.10  46.20  50.50   
7070  25.30  28.50  32.00  35.40  39.00  42.10  46.20  50.50   
7080  25.30  28.50  32.00  35.40  39.00  42.20  46.20  50.50   
7090  25.30  28.50  32.00  35.40  39.00  42.20  46.20  50.50   
7100  25.30  28.50  32.00  35.40  39.00  42.20  46.20  50.50   
7110  25.30  28.50  32.00  35.40  39.00  42.20  46.20  50.50   
7120  25.30  28.50  32.00  35.40  39.00  42.20  46.30  50.50   
7130  25.30  28.50  32.00  35.40  39.00  42.20  46.20  50.50   
7140  25.30  28.50  32.00  35.40  39.00  42.20  46.30  50.50   
7150  25.30  28.50  32.00  35.40  39.00  42.20  46.30  50.50   
7160  25.30  28.50  32.00  35.40  39.00  42.20  46.30  50.50   
7170  25.30  28.50  32.00  35.40  39.00  42.20  46.30  50.50   
7180  25.30  28.50  32.00  35.40  39.00  42.20  46.30  50.50   
7190  25.30  28.50  32.00  35.40  39.00  42.20  46.30  50.50   
7200  25.30  28.50  32.00  35.40  39.00  42.20  46.30  50.50   
7210  25.30  28.50  32.00  35.40  39.00  42.20  46.30  50.60   
7220  25.30  28.50  32.00  35.40  39.00  42.20  46.30  50.60   
7230  25.30  28.50  32.00  35.50  39.00  42.20  46.30  50.60   
7240  25.30  28.50  32.00  35.40  39.00  42.20  46.30  50.60   
7250  25.30  28.50  32.00  35.50  39.00  42.20  46.30  50.60   
7260  25.30  28.50  32.00  35.50  39.10  42.20  46.30  50.60   
7270  25.30  28.50  32.00  35.50  39.00  42.20  46.30  50.60   
7280  25.30  28.50  32.00  35.50  39.00  42.20  46.30  50.60   
7290  25.30  28.50  32.00  35.50  39.10  42.20  46.30  50.60   
7300  25.30  28.50  32.10  35.50  39.10  42.20  46.30  50.60   
7310  25.30  28.50  32.00  35.50  39.10  42.20  46.30  50.60   
7320  25.30  28.50  32.10  35.50  39.10  42.20  46.30  50.60   
7330  25.30  28.50  32.10  35.50  39.10  42.30  46.30  50.60   
7340  25.40  28.50  32.10  35.50  39.10  42.30  46.30  50.60   
7350  25.40  28.50  32.10  35.50  39.10  42.30  46.30  50.60   
7360  25.40  28.50  32.10  35.50  39.10  42.30  46.40  50.60   
7370  25.30  28.50  32.10  35.50  39.10  42.30  46.30  50.60   
7380  25.30  28.50  32.10  35.50  39.10  42.30  46.40  50.60   
7390  25.40  28.50  32.10  35.50  39.10  42.30  46.40  50.60   
7400  25.40  28.50  32.10  35.50  39.10  42.30  46.40  50.60   
7410  25.40  28.50  32.10  35.50  39.10  42.30  46.40  50.60   
7420  25.40  28.50  32.10  35.50  39.10  42.30  46.40  50.60   
7430  25.40  28.50  32.10  35.50  39.10  42.30  46.40  50.60   
7440  25.40  28.50  32.10  35.50  39.10  42.30  46.40  50.70   
7450  25.40  28.50  32.10  35.50  39.10  42.30  46.40  50.70   
7460  25.40  28.50  32.10  35.50  39.10  42.30  46.40  50.70   
7470  25.40  28.60  32.10  35.50  39.10  42.30  46.40  50.70   
7480  25.40  28.60  32.10  35.50  39.10  42.30  46.40  50.70   
7490  25.40  28.60  32.10  35.50  39.10  42.30  46.40  50.70   
7500  25.40  28.60  32.10  35.50  39.10  42.30  46.40  50.70   
7510  25.40  28.60  32.10  35.50  39.10  42.30  46.40  50.70   
7520  25.40  28.60  32.10  35.50  39.10  42.30  46.40  50.70   
7530  25.40  28.60  32.10  35.50  39.10  42.30  46.40  50.70   
7540  25.40  28.60  32.10  35.50  39.10  42.30  46.40  50.70   
7550  25.40  28.60  32.10  35.50  39.10  42.30  46.40  50.70   
7560  25.40  28.60  32.10  35.50  39.20  42.30  46.40  50.70   
7570  25.40  28.60  32.10  35.50  39.20  42.30  46.40  50.70   
7580  25.40  28.60  32.10  35.50  39.10  42.30  46.40  50.70   
7590  25.40  28.60  32.10  35.60  39.20  42.40  46.40  50.70   
7600  25.40  28.60  32.10  35.50  39.20  42.30  46.40  50.70   
7610  25.40  28.60  32.10  35.60  39.20  42.30  46.50  50.70   
7620  25.40  28.60  32.10  35.60  39.20  42.40  46.50  50.70   
7630  25.40  28.60  32.10  35.60  39.20  42.40  46.40  50.70   
7640  25.40  28.60  32.10  35.60  39.20  42.30  46.50  50.70   
7650  25.40  28.60  32.10  35.60  39.20  42.40  46.50  50.70   
7660  25.40  28.60  32.10  35.60  39.20  42.40  46.50  50.80   
7670  25.40  28.60  32.10  35.60  39.20  42.40  46.50  50.70   
7680  25.40  28.60  32.10  35.60  39.20  42.40  46.50  50.70   
7690  25.40  28.60  32.10  35.60  39.20  42.40  46.50  50.80   
7700  25.40  28.60  32.10  35.60  39.20  42.40  46.50  50.80   
7710  25.40  28.60  32.10  35.60  39.20  42.40  46.50  50.80   
7720  25.40  28.60  32.10  35.60  39.20  42.40  46.50  50.80   
7730  25.40  28.60  32.10  35.60  39.20  42.40  46.50  50.80   
7740  25.40  28.60  32.10  35.60  39.20  42.40  46.50  50.80   
7750  25.40  28.60  32.10  35.60  39.20  42.40  46.50  50.80   
7760  25.40  28.60  32.10  35.60  39.20  42.40  46.50  50.80   
7770  25.40  28.60  32.20  35.60  39.20  42.40  46.50  50.80   
7780  25.40  28.60  32.10  35.60  39.20  42.40  46.50  50.80   
7790  25.40  28.60  32.20  35.60  39.20  42.40  46.50  50.80   
7800  25.40  28.60  32.20  35.60  39.20  42.40  46.50  50.80   
7810  25.40  28.60  32.20  35.60  39.20  42.40  46.50  50.80   
7820  25.40  28.60  32.10  35.60  39.20  42.40  46.50  50.80   
7830  25.40  28.60  32.20  35.60  39.20  42.40  46.50  50.80   
7840  25.40  28.60  32.20  35.60  39.20  42.40  46.50  50.80   
7850  25.40  28.60  32.20  35.60  39.20  42.40  46.50  50.80   
7860  25.40  28.60  32.20  35.60  39.20  42.40  46.50  50.80   
7870  25.40  28.60  32.20  35.60  39.20  42.40  46.50  50.80   
7880  25.40  28.60  32.20  35.60  39.20  42.40  46.50  50.80   
7890  25.40  28.60  32.20  35.60  39.20  42.40  46.50  50.80   
7900  25.40  28.60  32.20  35.60  39.20  42.40  46.60  50.80   
7910  25.40  28.60  32.20  35.60  39.20  42.40  46.60  50.80   
7920  25.40  28.60  32.20  35.60  39.20  42.40  46.60  50.80   
7930  25.40  28.60  32.20  35.60  39.20  42.40  46.60  50.80   
7940  25.40  28.60  32.20  35.60  39.30  42.40  46.60  50.80   
7950  25.40  28.60  32.20  35.60  39.20  42.50  46.60  50.80   
7960  25.40  28.60  32.20  35.60  39.30  42.40  46.60  50.80   
7970  25.40  28.60  32.20  35.60  39.30  42.50  46.60  50.90   
7980  25.40  28.60  32.20  35.60  39.30  42.50  46.60  50.90   
7990  25.40  28.70  32.20  35.60  39.30  42.50  46.60  50.90   
8000  25.50  28.60  32.20  35.60  39.30  42.50  46.60  50.90   
8010  25.40  28.60  32.20  35.60  39.30  42.50  46.60  50.90   
8020  25.40  28.60  32.20  35.60  39.30  42.50  46.60  50.90   
8030  25.50  28.70  32.20  35.70  39.30  42.50  46.60  50.90   
8040  25.50  28.70  32.20  35.70  39.30  42.50  46.60  50.90   
8050  25.50  28.70  32.20  35.70  39.30  42.50  46.60  50.90   
8060  25.50  28.70  32.20  35.70  39.30  42.50  46.60  50.90   
8070  25.50  28.70  32.20  35.70  39.30  42.50  46.60  50.90   
8080  25.50  28.70  32.20  35.70  39.30  42.50  46.60  50.90   
8090  25.50  28.70  32.20  35.70  39.30  42.50  46.60  50.90   
8100  25.50  28.70  32.20  35.70  39.30  42.50  46.60  50.90   
8110  25.50  28.70  32.20  35.70  39.30  42.50  46.60  50.90   
8120  25.50  28.70  32.20  35.70  39.30  42.50  46.60  50.90   
8130  25.50  28.70  32.20  35.70  39.30  42.50  46.60  50.90   
8140  25.50  28.70  32.30  35.70  39.30  42.50  46.60  50.90   
8150  25.50  28.70  32.20  35.70  39.30  42.50  46.60  50.90   
8160  25.50  28.70  32.20  35.70  39.30  42.50  46.60  50.90   
8170  25.40  28.70  32.20  35.70  39.30  42.50  46.60  50.90   
8180  25.50  28.70  32.20  35.70  39.30  42.50  46.60  50.90   
8190  25.40  28.70  32.20  35.70  39.30  42.50  46.60  50.90   
8200  25.40  28.70  32.20  35.70  39.30  42.50  46.60  50.90   
8210  25.50  28.70  32.20  35.70  39.30  42.50  46.60  50.90   
8220  25.40  28.70  32.20  35.70  39.30  42.50  46.60  50.90   
8230  25.40  28.70  32.30  35.70  39.30  42.50  46.70  50.90   
8240  25.50  28.70  32.30  35.70  39.30  42.50  46.70  50.90   
8250  25.50  28.70  32.30  35.70  39.30  42.50  46.70  51.00   
8260  25.40  28.70  32.20  35.70  39.30  42.50  46.60  50.90   
8270  25.40  28.70  32.20  35.70  39.30  42.50  46.70  51.00   
8280  25.40  28.70  32.30  35.70  39.30  42.50  46.70  50.90   
8290  25.40  28.70  32.20  35.70  39.30  42.50  46.70  50.90   
8300  25.50  28.70  32.30  35.70  39.30  42.50  46.70  50.90   
8310  25.50  28.70  32.30  35.70  39.30  42.50  46.70  51.00   
8320  25.50  28.70  32.30  35.70  39.30  42.50  46.70  51.00   
8330  25.40  28.70  32.20  35.70  39.30  42.60  46.70  51.00   
8340  25.50  28.70  32.30  35.70  39.40  42.60  46.70  51.00   
8350  25.50  28.70  32.30  35.70  39.30  42.50  46.70  51.00   
8360  25.50  28.70  32.30  35.70  39.40  42.60  46.70  51.00   
8370  25.40  28.70  32.30  35.70  39.30  42.60  46.70  51.00   
8380  25.50  28.70  32.30  35.70  39.40  42.60  46.70  51.00   
8390  25.50  28.70  32.30  35.70  39.40  42.60  46.70  51.00   
8400  25.50  28.70  32.30  35.70  39.40  42.60  46.70  51.00   
8410  25.50  28.70  32.30  35.70  39.40  42.60  46.70  51.00   
8420  25.50  28.70  32.30  35.70  39.40  42.60  46.70  51.00   
8430  25.50  28.70  32.30  35.70  39.40  42.60  46.70  51.00   
8440  25.50  28.70  32.30  35.70  39.40  42.60  46.70  51.00   
8450  25.50  28.70  32.30  35.70  39.40  42.60  46.70  51.00   
8460  25.50  28.70  32.30  35.70  39.40  42.60  46.70  51.00   
8470  25.50  28.70  32.30  35.70  39.40  42.60  46.70  51.00   
8480  25.50  28.70  32.30  35.70  39.40  42.60  46.70  51.00   
8490  25.50  28.70  32.30  35.70  39.40  42.60  46.70  51.00   
8500  25.50  28.70  32.30  35.70  39.40  42.60  46.70  51.00   
8510  25.50  28.70  32.30  35.70  39.40  42.60  46.70  51.00   
8520  25.50  28.70  32.30  35.80  39.40  42.60  46.70  51.00   
8530  25.50  28.70  32.30  35.70  39.40  42.60  46.70  51.00   
8540  25.50  28.70  32.30  35.70  39.40  42.60  46.70  51.00   
8550  25.50  28.70  32.30  35.70  39.40  42.60  46.70  51.00   
8560  25.50  28.70  32.30  35.70  39.40  42.60  46.70  51.00   
8570  25.50  28.70  32.30  35.80  39.40  42.60  46.70  51.00   
8580  25.50  28.70  32.30  35.80  39.40  42.60  46.70  51.00   
8590  25.50  28.70  32.30  35.70  39.40  42.60  46.70  51.00   
8600  25.50  28.70  32.30  35.80  39.40  42.60  46.70  51.00   
8610  25.50  28.70  32.30  35.80  39.40  42.60  46.70  51.00   
8620  25.50  28.70  32.30  35.80  39.40  42.60  46.70  51.00   
8630  25.50  28.70  32.30  35.80  39.40  42.60  46.70  51.00   
8640  25.50  28.70  32.30  35.80  39.40  42.60  46.70  51.00   
8650  25.50  28.70  32.30  35.80  39.40  42.60  46.70  51.00   
8660  25.50  28.70  32.30  35.80  39.40  42.60  46.70  51.00   
8670  25.50  28.70  32.30  35.80  39.40  42.60  46.70  51.00   
8680  25.50  28.70  32.30  35.80  39.40  42.60  46.70  51.00   
8690  25.50  28.70  32.30  35.80  39.40  42.60  46.70  51.00   
8700  25.50  28.70  32.30  35.80  39.40  42.60  46.70  51.00   
8710  25.50  28.70  32.30  35.80  39.40  42.60  46.70  51.10   
8720  25.50  28.70  32.30  35.80  39.40  42.60  46.70  51.10   
8730  25.50  28.70  32.30  35.80  39.40  42.60  46.80  51.10   
8740  25.50  28.70  32.30  35.80  39.40  42.60  46.70  51.00   
8750  25.50  28.70  32.30  35.80  39.40  42.60  46.70  51.10   
8760  25.50  28.70  32.30  35.80  39.40  42.60  46.80  51.10   
8770  25.50  28.70  32.30  35.80  39.40  42.60  46.80  51.10   
8780  25.50  28.70  32.30  35.80  39.40  42.60  46.80  51.10   
8790  25.50  28.70  32.30  35.80  39.40  42.60  46.80  51.10   
8800  25.50  28.70  32.30  35.80  39.40  42.60  46.80  51.10   
8810  25.50  28.70  32.30  35.80  39.40  42.60  46.80  51.10   
8820  25.50  28.70  32.30  35.80  39.40  42.60  46.80  51.10   
8830  25.50  28.70  32.30  35.80  39.40  42.60  46.80  51.10   
8840  25.50  28.70  32.30  35.80  39.40  42.60  46.80  51.10   
8850  25.50  28.70  32.30  35.80  39.40  42.60  46.80  51.10   
8860  25.50  28.70  32.30  35.80  39.40  42.60  46.80  51.10   
8870  25.50  28.70  32.30  35.80  39.40  42.70  46.80  51.10   
8880  25.50  28.70  32.30  35.80  39.40  42.60  46.80  51.10   
8890  25.50  28.70  32.30  35.80  39.40  42.70  46.80  51.10   
8900  25.50  28.70  32.30  35.80  39.40  42.60  46.80  51.10   
8910  25.50  28.70  32.30  35.80  39.40  42.70  46.80  51.10   
8920  25.50  28.70  32.30  35.80  39.40  42.60  46.80  51.10   
8930  25.50  28.70  32.30  35.80  39.40  42.70  46.80  51.10   
8940  25.50  28.70  32.30  35.80  39.40  42.60  46.80  51.10   
8950  25.50  28.70  32.30  35.80  39.50  42.70  46.80  51.10   
8960  25.50  28.70  32.30  35.80  39.50  42.70  46.80  51.10   
8970  25.50  28.70  32.30  35.80  39.50  42.70  46.80  51.10   
8980  25.50  28.70  32.30  35.80  39.50  42.70  46.80  51.10   
8990  25.50  28.70  32.30  35.80  39.50  42.70  46.80  51.10   
9000  25.50  28.70  32.30  35.80  39.50  42.70  46.80  51.10   
9010  25.50  28.70  32.30  35.80  39.50  42.70  46.80  51.10   
9020  25.50  28.70  32.30  35.80  39.50  42.70  46.80  51.10   
9030  25.50  28.70  32.30  35.80  39.50  42.70  46.80  51.10   
9040  25.50  28.70  32.30  35.80  39.50  42.70  46.80  51.10   
9050  25.50  28.70  32.30  35.80  39.50  42.70  46.80  51.10   
9060  25.50  28.70  32.30  35.80  39.50  42.70  46.80  51.10   
9070  25.50  28.70  32.30  35.80  39.50  42.70  46.80  51.10   
9080  25.50  28.70  32.30  35.80  39.50  42.70  46.80  51.10   
9090  25.50  28.70  32.30  35.80  39.50  42.70  46.80  51.10   
9100  25.50  28.70  32.30  35.80  39.50  42.70  46.80  51.10   
9110  25.50  28.70  32.30  35.80  39.50  42.70  46.80  51.10   
9120  25.50  28.70  32.30  35.80  39.50  42.70  46.80  51.10   
9130  25.50  28.70  32.30  35.80  39.50  42.70  46.80  51.10   
9140  25.50  28.70  32.30  35.80  39.50  42.70  46.80  51.10   
9150  25.50  28.70  32.30  35.80  39.50  42.70  46.80  51.10   
9160  25.50  28.70  32.30  35.80  39.50  42.70  46.80  51.10   
9170  25.50  28.70  32.30  35.80  39.50  42.70  46.80  51.10   
9180  25.50  28.70  32.30  35.80  39.50  42.70  46.80  51.10   
9190  25.50  28.70  32.30  35.80  39.50  42.70  46.80  51.10   
9200  25.50  28.70  32.30  35.80  39.50  42.70  46.80  51.10   
9210  25.50  28.70  32.30  35.80  39.50  42.70  46.80  51.10   
9220  25.50  28.80  32.30  35.80  39.50  42.70  46.80  51.10   
9230  25.50  28.80  32.30  35.80  39.50  42.70  46.80  51.10   
9240  25.50  28.80  32.30  35.80  39.50  42.70  46.80  51.10   
9250  25.50  28.80  32.30  35.80  39.50  42.70  46.80  51.10   
9260  25.50  28.80  32.40  35.80  39.50  42.70  46.80  51.10   
9270  25.50  28.80  32.30  35.80  39.50  42.70  46.80  51.10   
9280  25.50  28.80  32.40  35.80  39.50  42.70  46.80  51.10   
9290  25.50  28.80  32.40  35.80  39.50  42.70  46.80  51.10   
9300  25.50  28.80  32.30  35.80  39.50  42.70  46.80  51.10   
9310  25.50  28.80  32.40  35.80  39.50  42.70  46.80  51.10   
9320  25.50  28.80  32.40  35.80  39.50  42.70  46.80  51.10   
9330  25.50  28.80  32.40  35.80  39.50  42.70  46.80  51.10   
9340  25.50  28.80  32.40  35.80  39.50  42.70  46.80  51.10   
9350  25.50  28.80  32.40  35.80  39.50  42.70  46.80  51.10   
9360  25.50  28.80  32.40  35.80  39.50  42.70  46.80  51.10   
9370  25.50  28.80  32.40  35.80  39.50  42.70  46.80  51.10   
9380  25.50  28.80  32.40  35.80  39.50  42.70  46.80  51.10   
9390  25.50  28.80  32.40  35.80  39.50  42.70  46.80  51.10   
9400  25.50  28.80  32.40  35.80  39.50  42.70  46.80  51.10   
9410  25.50  28.80  32.40  35.80  39.50  42.70  46.80  51.10   
9420  25.50  28.80  32.40  35.90  39.50  42.70  46.80  51.20   
9430  25.50  28.80  32.40  35.80  39.50  42.70  46.80  51.10   
9440  25.50  28.80  32.40  35.80  39.50  42.70  46.80  51.10   
9450  25.60  28.80  32.40  35.90  39.50  42.70  46.90  51.20   
9460  25.60  28.80  32.40  35.90  39.50  42.70  46.80  51.20   
9470  25.60  28.80  32.40  35.80  39.50  42.70  46.80  51.10   
9480  25.50  28.80  32.40  35.90  39.50  42.70  46.80  51.20   
9490  25.50  28.80  32.40  35.90  39.50  42.70  46.90  51.20   
9500  25.50  28.80  32.40  35.90  39.50  42.70  46.90  51.20   
9510  25.50  28.80  32.40  35.80  39.50  42.70  46.90  51.20   
9520  25.60  28.80  32.40  35.90  39.50  42.70  46.90  51.20   
9530  25.60  28.80  32.40  35.90  39.50  42.70  46.90  51.20   
9540  25.50  28.80  32.40  35.80  39.50  42.70  46.80  51.20   
9550  25.60  28.80  32.40  35.90  39.50  42.70  46.90  51.20   
9560  25.60  28.80  32.40  35.90  39.50  42.70  46.90  51.20   
9570  25.50  28.80  32.40  35.90  39.50  42.70  46.90  51.20   
9580  25.50  28.80  32.40  35.90  39.50  42.70  46.90  51.20   
9590  25.50  28.80  32.40  35.90  39.50  42.70  46.90  51.20   
9600  25.50  28.80  32.40  35.90  39.50  42.70  46.90  51.20   
9610  25.50  28.80  32.40  35.90  39.50  42.70  46.90  51.20   
9620  25.50  28.80  32.40  35.90  39.50  42.70  46.90  51.20   
9630  25.50  28.80  32.40  35.90  39.50  42.70  46.90  51.20   
9640  25.60  28.80  32.40  35.90  39.50  42.70  46.90  51.20   
9650  25.50  28.80  32.40  35.90  39.50  42.70  46.90  51.20   
9660  25.60  28.80  32.40  35.90  39.50  42.70  46.90  51.20   
9670  25.60  28.80  32.40  35.90  39.50  42.70  46.90  51.20   
9680  25.50  28.80  32.40  35.90  39.50  42.70  46.90  51.20   
9690  25.60  28.80  32.40  35.90  39.50  42.70  46.90  51.20   
9700  25.50  28.80  32.40  35.90  39.50  42.70  46.90  51.20   
9710  25.60  28.80  32.40  35.90  39.50  42.70  46.90  51.20   
9720  25.50  28.80  32.40  35.90  39.50  42.70  46.90  51.20   
9730  25.50  28.80  32.40  35.90  39.50  42.70  46.90  51.20   
9740  25.60  28.80  32.40  35.90  39.50  42.70  46.90  51.20   
9750  25.50  28.80  32.40  35.90  39.50  42.70  46.90  51.20   
9760  25.60  28.80  32.40  35.90  39.60  42.80  46.90  51.20   
9770  25.60  28.80  32.40  35.90  39.50  42.70  46.90  51.20   
9780  25.50  28.80  32.40  35.90  39.50  42.70  46.90  51.20   
9790  25.50  28.80  32.40  35.90  39.50  42.70  46.90  51.20   
9800  25.60  28.80  32.40  35.90  39.50  42.80  46.90  51.20   
9810  25.60  28.80  32.40  35.90  39.50  42.80  46.90  51.20   
9820  25.60  28.80  32.40  35.90  39.50  42.80  46.90  51.20   
9830  25.50  28.80  32.40  35.90  39.50  42.80  46.90  51.20   
9840  25.50  28.80  32.40  35.90  39.50  42.80  46.90  51.20   
9850  25.50  28.80  32.40  35.90  39.50  42.80  46.90  51.20   
9860  25.50  28.80  32.40  35.90  39.50  42.80  46.90  51.20   
9870  25.60  28.80  32.40  35.90  39.50  42.80  46.90  51.20   
9880  25.50  28.80  32.40  35.90  39.50  42.80  46.90  51.20   
9890  25.50  28.80  32.40  35.90  39.50  42.80  46.90  51.20   
9900  25.60  28.80  32.40  35.90  39.60  42.80  46.90  51.20   
9910  25.50  28.80  32.40  35.90  39.50  42.80  46.90  51.20   
9920  25.50  28.80  32.40  35.90  39.50  42.80  46.90  51.20   
9930  25.50  28.80  32.40  35.90  39.60  42.80  46.90  51.20   
9940  25.50  28.80  32.40  35.90  39.50  42.80  46.90  51.20   
9950  25.50  28.80  32.40  35.90  39.50  42.80  46.90  51.20   
9960  25.60  28.80  32.40  35.90  39.60  42.80  46.90  51.20   
9970  25.60  28.80  32.40  35.90  39.60  42.80  46.90  51.20   
9980  25.60  28.80  32.40  35.90  39.50  42.80  46.90  51.20   
9990  25.60  28.80  32.40  35.90  39.60  42.80  46.90  51.20   
10000  25.60  28.80  32.40  35.90  39.60  42.80  46.90  51.20   
10010  25.60  28.80  32.40  35.90  39.50  42.80  46.90  51.20   
10020  25.60  28.80  32.40  35.90  39.50  42.80  46.90  51.20   
10030  25.60  28.80  32.40  35.90  39.60  42.80  46.90  51.20   
10040  25.50  28.80  32.40  35.90  39.60  42.80  46.90  51.20   
10050  25.50  28.80  32.40  35.90  39.60  42.80  46.90  51.20   
10060  25.60  28.80  32.40  35.90  39.60  42.80  46.90  51.20   
10070  25.60  28.80  32.40  35.90  39.60  42.80  46.90  51.20   
10080  25.60  28.80  32.40  35.90  39.60  42.80  46.90  51.20   
10090  25.60  28.80  32.40  35.90  39.60  42.80  46.90  51.20   
10100  25.50  28.80  32.40  35.90  39.50  42.80  46.90  51.20   
10110  25.50  28.80  32.40  35.90  39.60  42.80  46.90  51.20   
10120  25.50  28.80  32.40  35.90  39.60  42.80  46.90  51.20   
10130  25.50  28.80  32.40  35.90  39.60  42.80  46.90  51.20   
10140  25.50  28.80  32.40  35.90  39.50  42.80  46.90  51.20   
10150  25.60  28.80  32.40  35.90  39.60  42.80  46.90  51.20   
10160  25.50  28.80  32.40  35.90  39.60  42.80  46.90  51.20   
10170  25.60  28.80  32.40  35.90  39.60  42.80  46.90  51.20   
10180  25.50  28.80  32.40  35.90  39.60  42.80  46.90  51.20   
10190  25.50  28.80  32.40  35.90  39.60  42.80  46.90  51.20   
10200  25.60  28.80  32.40  35.90  39.60  42.80  46.90  51.20   
10210  25.60  28.80  32.40  35.90  39.60  42.80  46.90  51.20   
10220  25.50  28.80  32.40  35.90  39.60  42.80  46.90  51.20   
10230  25.60  28.80  32.40  35.90  39.60  42.80  46.90  51.20   
10240  25.50  28.80  32.40  35.90  39.60  42.80  46.90  51.20   
10250  25.60  28.80  32.40  35.90  39.60  42.80  46.90  51.20   
10260  25.60  28.80  32.40  35.90  39.60  42.80  46.90  51.20   
10270  25.60  28.80  32.40  35.90  39.60  42.80  46.90  51.20   
10280  25.60  28.80  32.40  35.90  39.60  42.80  46.90  51.20   
10290  25.60  28.80  32.40  35.90  39.60  42.80  46.90  51.20   
10300  25.50  28.80  32.40  35.90  39.60  42.80  46.90  51.20   
10310  25.50  28.80  32.40  35.90  39.60  42.80  46.90  51.20   
10320  25.50  28.80  32.40  35.90  39.60  42.80  46.90  51.20   
10330  25.50  28.80  32.40  35.90  39.60  42.80  46.90  51.20   
10340  25.50  28.80  32.40  35.90  39.60  42.80  46.90  51.20   
10350  25.50  28.80  32.40  35.90  39.60  42.80  46.90  51.20   
10360  25.50  28.80  32.40  35.90  39.60  42.80  46.90  51.20   
10370  25.60  28.80  32.40  35.90  39.60  42.80  46.90  51.20   
10380  25.60  28.80  32.40  35.90  39.60  42.80  46.90  51.20   
10390  25.50  28.80  32.40  35.90  39.60  42.80  46.90  51.20   
10400  25.50  28.80  32.40  35.90  39.60  42.80  46.90  51.20   
10410  25.50  28.80  32.40  35.90  39.60  42.80  46.90  51.20   
10420  25.60  28.80  32.40  35.90  39.60  42.80  46.90  51.20   
10430  25.60  28.80  32.40  35.90  39.60  42.80  46.90  51.20   
10440  25.60  28.80  32.40  35.90  39.60  42.80  46.90  51.20   
10450  25.60  28.80  32.40  35.90  39.60  42.80  46.90  51.20   
10460  25.60  28.80  32.40  35.90  39.60  42.80  46.90  51.20   
10470  25.60  28.80  32.40  35.90  39.60  42.80  46.90  51.20   
10480  25.50  28.80  32.40  35.90  39.60  42.80  46.90  51.20   
10490  25.60  28.80  32.40  35.90  39.60  42.80  46.90  51.20   
10500  25.50  28.80  32.40  35.90  39.60  42.80  46.90  51.20   
10510  25.60  28.80  32.40  35.90  39.60  42.80  46.90  51.20   
10520  25.50  28.80  32.40  35.90  39.60  42.80  46.90  51.20   
10530  25.50  28.80  32.40  35.90  39.60  42.80  46.90  51.20   
10540  25.60  28.80  32.40  35.90  39.60  42.80  46.90  51.30   
10550  25.50  28.80  32.40  35.90  39.60  42.80  46.90  51.20   
10560  25.50  28.80  32.40  35.90  39.60  42.80  46.90  51.30   
10570  25.60  28.80  32.40  35.90  39.60  42.80  46.90  51.30   
10580  25.50  28.80  32.40  35.90  39.60  42.80  46.90  51.30   
10590  25.60  28.80  32.40  35.90  39.60  42.80  46.90  51.30   
10600  25.50  28.80  32.40  35.90  39.60  42.80  46.90  51.30   
10610  25.50  28.80  32.40  35.90  39.60  42.80  46.90  51.30   
10620  25.50  28.80  32.40  35.90  39.60  42.80  46.90  51.30   
10630  25.50  28.80  32.40  35.90  39.60  42.80  46.90  51.20   
10640  25.50  28.80  32.40  35.90  39.60  42.80  46.90  51.20   
10650  25.60  28.80  32.40  35.90  39.60  42.80  46.90  51.30   
10660  25.60  28.80  32.40  35.90  39.60  42.80  46.90  51.30   
10670  25.60  28.80  32.40  35.90  39.60  42.80  46.90  51.30   
10680  25.60  28.80  32.40  35.90  39.60  42.80  47.00  51.30   
10690  25.60  28.80  32.40  35.90  39.60  42.80  46.90  51.30   
10700  25.60  28.80  32.40  35.90  39.60  42.80  46.90  51.30   
10710  25.60  28.80  32.40  35.90  39.60  42.80  47.00  51.30   
10720  25.60  28.80  32.40  35.90  39.60  42.80  46.90  51.30   
10730  25.60  28.80  32.40  35.90  39.60  42.80  46.90  51.30   
10740  25.60  28.80  32.40  35.90  39.60  42.80  47.00  51.30   
10750  25.60  28.80  32.40  35.90  39.60  42.80  47.00  51.30   
10760  25.60  28.80  32.40  35.90  39.60  42.80  46.90  51.30   
10770  25.60  28.80  32.40  35.90  39.60  42.80  46.90  51.30   
10780  25.60  28.80  32.40  35.90  39.60  42.80  47.00  51.30   
10790  25.60  28.80  32.40  35.90  39.60  42.80  46.90  51.30   
10800  25.60  28.80  32.40  35.90  39.60  42.80  47.00  51.30   
10810  25.60  28.80  32.40  35.90  39.60  42.80  47.00  51.30   
10820  25.60  28.80  32.40  35.90  39.60  42.80  46.90  51.30   
10830  25.60  28.80  32.40  35.90  39.60  42.80  46.90  51.30   
10840  25.60  28.80  32.40  35.90  39.60  42.80  47.00  51.30   
10850  25.60  28.80  32.40  35.90  39.60  42.80  46.90  51.30   
10860  25.50  28.80  32.40  35.90  39.60  42.80  46.90  51.30   
10870  25.60  28.80  32.40  35.90  39.60  42.80  47.00  51.30   
10880  25.60  28.80  32.40  35.90  39.60  42.80  46.90  51.30   
10890  25.50  28.80  32.40  35.90  39.60  42.80  46.90  51.30   
10900  25.50  28.80  32.40  35.90  39.60  42.80  47.00  51.30   
10910  25.50  28.80  32.40  35.90  39.60  42.80  46.90  51.30   
10920  25.50  28.80  32.40  35.90  39.60  42.80  46.90  51.30   
10930  25.50  28.80  32.40  35.90  39.60  42.80  46.90  51.30   
10940  25.60  28.80  32.40  35.90  39.60  42.80  47.00  51.30   
10950  25.50  28.80  32.40  35.90  39.60  42.80  47.00  51.30   
10960  25.50  28.80  32.40  35.90  39.60  42.80  46.90  51.30   
10970  25.50  28.80  32.40  35.90  39.60  42.80  47.00  51.30   
10980  25.50  28.80  32.40  35.90  39.60  42.80  47.00  51.30   
10990  25.60  28.80  32.40  35.90  39.60  42.80  47.00  51.30   
11000  25.50  28.80  32.40  35.90  39.60  42.80  47.00  51.30   
11010  25.60  28.80  32.40  35.90  39.60  42.80  46.90  51.30   
11020  25.60  28.80  32.40  35.90  39.60  42.80  47.00  51.30   
11030  25.60  28.80  32.40  35.90  39.60  42.80  47.00  51.30   
11040  25.50  28.80  32.40  35.90  39.60  42.80  47.00  51.30   
11050  25.50  28.80  32.40  35.90  39.60  42.80  46.90  51.30   
11060  25.50  28.80  32.40  35.90  39.60  42.80  47.00  51.30   
11070  25.50  28.80  32.40  35.90  39.60  42.80  47.00  51.30   
11080  25.50  28.80  32.40  35.90  39.60  42.80  47.00  51.30   
11090  25.50  28.80  32.40  35.90  39.60  42.80  47.00  51.30   
11100  25.60  28.80  32.40  35.90  39.60  42.80  47.00  51.30   
11110  25.50  28.80  32.40  35.90  39.60  42.80  47.00  51.30   
11120  25.50  28.80  32.40  35.90  39.60  42.80  46.90  51.30   
11130  25.50  28.80  32.40  35.90  39.60  42.80  47.00  51.30   
11140  25.50  28.80  32.40  35.90  39.60  42.80  47.00  51.30   
11150  25.50  28.80  32.40  35.90  39.60  42.80  47.00  51.30   
11160  25.50  28.80  32.40  35.90  39.60  42.80  47.00  51.30   
11170  25.60  28.80  32.40  35.90  39.60  42.80  47.00  51.30   
11180  25.50  28.80  32.40  35.90  39.60  42.80  47.00  51.30   
11190  25.50  28.80  32.40  35.90  39.60  42.80  46.90  51.30   
11200  25.50  28.80  32.40  35.90  39.60  42.80  46.90  51.30   
11210  25.50  28.80  32.40  35.90  39.60  42.80  47.00  51.30   
11220  25.60  28.80  32.40  35.90  39.60  42.80  47.00  51.30   
11230  25.60  28.80  32.40  35.90  39.60  42.80  47.00  51.30   
11240  25.60  28.80  32.40  35.90  39.60  42.80  47.00  51.30   
11250  25.60  28.80  32.40  35.90  39.60  42.80  46.90  51.30   
11260  25.60  28.80  32.40  35.90  39.60  42.80  47.00  51.30   
11270  25.60  28.80  32.40  35.90  39.60  42.80  47.00  51.30   
11280  25.60  28.80  32.40  35.90  39.60  42.80  47.00  51.30   
11290  25.60  28.80  32.40  35.90  39.60  42.80  47.00  51.30   
11300  25.50  28.80  32.40  35.90  39.60  42.80  47.00  51.30   
11310  25.50  28.80  32.40  35.90  39.60  42.80  47.00  51.30   
11320  25.60  28.80  32.40  35.90  39.60  42.80  47.00  51.30   
11330  25.50  28.80  32.40  35.90  39.60  42.80  47.00  51.30   
11340  25.50  28.80  32.40  35.90  39.60  42.80  47.00  51.30   
11350  25.60  28.80  32.40  35.90  39.60  42.80  47.00  51.30   
11360  25.60  28.80  32.40  35.90  39.60  42.80  47.00  51.30   
11370  25.50  28.80  32.40  35.90  39.60  42.80  47.00  51.30   
11380  25.60  28.80  32.40  35.90  39.60  42.80  47.00  51.30   
11390  25.60  28.80  32.40  35.90  39.60  42.80  47.00  51.30   
11400  25.60  28.80  32.40  35.90  39.60  42.80  47.00  51.30   
11410  25.60  28.80  32.40  35.90  39.60  42.80  47.00  51.30   
11420  25.50  28.80  32.40  35.90  39.60  42.80  47.00  51.30   
11430  25.60  28.80  32.50  35.90  39.60  42.80  47.00  51.30   
11440  25.60  28.80  32.40  35.90  39.60  42.80  47.00  51.30   
11450  25.60  28.80  32.40  35.90  39.60  42.80  47.00  51.30   
11460  25.60  28.80  32.40  35.90  39.60  42.80  47.00  51.30   
11470  25.60  28.80  32.40  35.90  39.60  42.80  47.00  51.30   
11480  25.60  28.80  32.40  35.90  39.60  42.80  47.00  51.30   
11490  25.50  28.80  32.40  35.90  39.60  42.80  47.00  51.30   
11500  25.50  28.80  32.40  35.90  39.60  42.80  47.00  51.30   
11510  25.60  28.80  32.40  35.90  39.60  42.80  47.00  51.30   
11520  25.50  28.80  32.40  35.90  39.60  42.80  47.00  51.30   
11530  25.50  28.80  32.40  35.90  39.60  42.80  47.00  51.30   
11540  25.60  28.80  32.40  35.90  39.60  42.80  47.00  51.30   
11550  25.50  28.80  32.40  35.90  39.60  42.80  47.00  51.30   
11560  25.60  28.80  32.40  35.90  39.60  42.80  47.00  51.30   
11570  25.50  28.80  32.40  35.90  39.60  42.80  47.00  51.30   
11580  25.50  28.80  32.40  35.90  39.60  42.80  47.00  51.30   
11590  25.50  28.80  32.40  35.90  39.60  42.80  47.00  51.30   
